t = 0
b = 29 29 29
E = 0 0 0
-0.28253039717674255 2.0834293365478516 9.209421157836914 -0.011974826319315925 -0.9910983558898772 0.1325920528802706 -0.13964424192905456 -0.12964454091467673 -0.9816780422863102 0 0 0 0 0 0
0.009964844211935997 1.8989061117172241 8.77991008758545 -0.5406487231752517 -0.7909186911247773 0.28661225053796885 -0.15218391565388678 -0.24312424378760678 -0.9579825979102935 0 0 0 0 0 0
0.1498980075120926 1.5854971408843994 8.397804260253906 -0.966077810729763 -0.13368094304438552 0.2209594285889427 -0.2050075546948344 -0.12334516002016707 -0.9709571947401409 0 0 0 0 0 0
-0.030386939644813538 1.3327609300613403 7.934243679046631 -0.9077156208222599 0.2278561262849023 0.3523264642766676 -0.3924830251276274 -0.1641957406099688 -0.9049844384033409 0 0 0 0 0 0
-0.3139238953590393 0.945787250995636 7.754213333129883 -0.5979756206730847 0.8013058181076647 -0.01827957733223804 -0.4257929416414991 -0.3369053757100978 -0.8397589765319075 0 0 0 0 0 0
-0.7429551482200623 0.8271751999855042 7.388075351715088 0.09173532449018297 0.9881037335631507 -0.12343274265462492 -0.3217794213597592 -0.08789034724894614 -0.9427265196491708 0 0 0 0 0 0
-1.1559150218963623 0.9028131365776062 7.010539531707764 0.5915902125284451 0.7875853753022287 -0.17242475764981308 -0.35325655262840416 0.06096876694896977 -0.9335376893740381 0 0 0 0 0 0
-1.514783263206482 1.1431186199188232 6.744382858276367 0.870288104624666 0.39879847760869624 -0.28906467996936763 -0.38214084639945506 0.17643112754148163 -0.9071055234908174 0 0 0 0 0 0
-1.6278573274612427 1.451183557510376 6.424266338348389 0.8522175635528674 -0.32723042053571083 -0.4082223367823428 -0.3567641884524911 0.20724232436446244 -0.9109170833999386 0 0 0 0 0 0
-1.5541362762451172 1.8251328468322754 6.119356632232666 0.36155212235701367 -0.8597154110435827 -0.36079007030862514 -0.20138264170359943 0.30582399493289497 -0.9305464608195362 0 0 0 0 0 0
-1.4764100313186646 1.930587887763977 5.501131057739258 0.1550742878932602 -0.98156505144724 -0.11172293861054224 -0.09332060045890954 0.09803045977516334 -0.990798311709431 0 0 0 0 0 0
-1.3387070894241333 1.9216588735580444 5.037633895874023 -0.18886232325533459 -0.9816773927901209 0.025308483545801872 0.15970016146115038 -0.05613308792513277 -0.9855683308981027 0 0 0 0 0 0
-0.9908410310745239 1.7085494995117188 4.676548957824707 -0.8181893840234084 -0.5701213371979501 -0.07434912738571141 0.17816360314919286 -0.1284605033625674 -0.9755796377481096 0 0 0 0 0 0
-0.8697521090507507 1.29362154006958 4.300572395324707 -0.999746548614789 0.022291172698342198 -0.0031531179093595976 -0.0007935834697611536 -0.1748637485430924 -0.9845923215578796 0 0 0 0 0 0
-1.0043355226516724 0.9086795449256897 3.9402177333831787 -0.7807270051636088 0.6038470611515891 -0.16072980478695073 -0.0023018975225454277 -0.25999777642596567 -0.9656064713543244 0 0 0 0 0 0
-1.2423787117004395 0.6688878536224365 3.4843993186950684 -0.27357194879709695 0.9599322137768652 -0.06073330046033575 -0.0476184573474875 -0.07658136802264659 -0.9959255878787459 0 0 0 0 0 0
-1.497579574584961 0.6833701133728027 3.008902072906494 0.12401520186304452 0.9892772541481816 0.07714106644260685 -0.2798665073243485 0.10945689068490409 -0.9537787621663963 0 0 0 0 0 0
-1.9307693243026733 0.8757965564727783 2.6812424659729004 0.6447401186235269 0.7617783016527752 0.06327715676556427 -0.26856549119718315 0.3032485401857503 -0.9142827242233266 0 0 0 0 0 0
-2.126660108566284 1.2313296794891357 2.3043439388275146 0.993733977938056 0.11139840147537428 0.009120155708031546 -0.03566258506688708 0.3933432343352481 -0.9186997768743789 0 0 0 0 0 0
-2.036939859390259 1.6923407316207886 1.9622223377227783 0.8086363785381594 -0.5765762144601175 -0.11690627110438087 0.0003344216663374345 0.19916630674846447 -0.9799656475705288 0 0 0 0 0 0
-1.850603699684143 1.9478533267974854 1.4948409795761108 0.5349514542021713 -0.8444966235875565 -0.025542012375681107 0.04830275244752097 0.06075168430556531 -0.996983488810136 0 0 0 0 0 0
-1.4908682107925415 2.037004232406616 1.0922369956970215 -0.1525230235502434 -0.984699406925413 -0.08428407493608667 0.11183787376550164 0.06753716542601945 -0.99142877771317 0 0 0 0 0 0
-1.2185698747634888 1.977555751800537 0.6638708114624023 -0.7151408621564718 -0.6989381141647001 -0.0076850401424333635 0.005485515187000673 0.005382303616212707 -0.9999704695294338 0 0 0 0 0 0
-1.1476441621780396 1.6509820222854614 0.1447380930185318 -0.9739554961681837 -0.12415799271411737 0.1897247593989472 -0.21742583209711522 0.2740581477020565 -0.9368127556854651 0 0 0 0 0 0
-1.3080756664276123 1.3486475944519043 -0.3052752614021301 -0.830400817421812 0.477741456946294 0.28670120812444927 -0.13612046800647326 0.32502347443711527 -0.9358584076955898 0 0 0 0 0 0
-1.7229399681091309 1.2204567193984985 -0.710780918598175 -0.40455698311169386 0.8653311206024052 0.29586432554897546 -0.26154863529603717 0.20052782985397138 -0.9441297055112913 0 0 0 0 0 0
-2.1464998722076416 1.2114555835723877 -1.0037802457809448 0.2151890326600944 0.9680797466451231 0.12851180629937167 -0.42289763167740496 0.21099167966328547 -0.8812718673794754 0 0 0 0 0 0
-2.547693967819214 1.441341757774353 -1.2643284797668457 0.7861723826808328 0.6105706436895064 -0.0955849034865034 -0.3587653723233706 0.32496023909482835 -0.8750361424701869 0 0 0 0 0 0
-2.8490490913391113 1.8479552268981934 -1.5159703493118286 0.9481183325355831 0.22535104539778095 -0.22425105094084372 -0.30890884967556065 0.4862856767245011 -0.817374799712296 0 0 0 0 0 0
-2.854337453842163 2.359870672225952 -1.787917137145996 0.7751382392892177 -0.46982894091332256 -0.4223996641474487 -0.18175579439385303 0.4744821577514103 -0.8612964142383419 0 0 0 0 0 0
-2.6784908771514893 2.7147223949432373 -2.183363914489746 0.32195974095592056 -0.8350279997065533 -0.44617279714217134 -0.1875732263928241 0.4056643417966302 -0.8945684582720841 0 0 0 0 0 0
-2.508166790008545 2.894287586212158 -2.7553939819335938 -0.24962426989854553 -0.9672744505009889 -0.045473742815257026 -0.12839231502419715 0.07960686712671468 -0.9885232218562177 0 0 0 0 0 0
-2.411733627319336 2.801896333694458 -3.354085683822632 -0.6520080817362117 -0.6943442794782693 0.304584114665339 -0.3260791303672803 -0.10588165922803007 -0.9393942063787906 0 0 0 0 0 0
-2.5364134311676025 2.5575315952301025 -3.877133846282959 -0.808309545046277 -0.34528580606876297 0.4768788017038768 -0.47979790246076187 -0.08311041721823603 -0.8734338162357032 0 0 0 0 0 0
-2.791353225708008 2.1582486629486084 -4.15671443939209 -0.7812536626755547 0.3749951538637018 0.4990203894980334 -0.581006115378525 -0.1445926465335124 -0.8009524707878685 0 0 0 0 0 0
-3.233595132827759 1.8906121253967285 -4.389134883880615 -0.4997595791781045 0.7473767779605092 0.43779940016529484 -0.7958998785897385 -0.196821661255011 -0.5725422402946851 0 0 0 0 0 0
-3.7369298934936523 1.7193528413772583 -4.360591888427734 -0.1110552669660362 0.9858901195114427 -0.12524935101155515 -0.7765442829878962 -0.16473362224804883 -0.6081462079630617 0 0 0 0 0 0
-4.276823997497559 1.6920477151870728 -4.4498724937438965 0.32275498976099676 0.8051139348635258 -0.4976150806325601 -0.8204443674235901 -0.024149665923760385 -0.5712161006122606 0 0 0 0 0 0
-4.7272210121154785 1.96051025390625 -4.5859785079956055 0.5982785338072182 0.20856384894628657 -0.7736691262407955 -0.7977105478274368 0.06388962679020384 -0.5996465604616266 0 0 0 0 0 0
-5.03293514251709 2.3210043907165527 -4.9129862785339355 0.6590083005394183 -0.4494425093994174 -0.6030833197535002 -0.6835959681988906 -0.02348828484139274 -0.7294825924841738 0 0 0 0 0 0
-5.2467546463012695 2.4643445014953613 -5.358424186706543 0.5422135561293506 -0.8047950125483871 -0.2414734919754229 -0.6962993899848985 -0.26952011461501524 -0.6652263278949259 0 0 0 0 0 0
-5.405070781707764 2.3735029697418213 -5.858511447906494 0.24005756245235035 -0.8850422385517681 0.3988390686589153 -0.6456758269351904 -0.4523669076360066 -0.6151966412354627 0 0 0 0 0 0
-5.030529022216797 -0.7041541934013367 -6.16597843170166 0.013402671580160298 0.9495819040530832 0.31323246301977586 0.4909357394771887 -0.27915275925195354 0.8252610718469683 0 0 0 0 0 0
-4.5783185958862305 -0.7457707524299622 -5.894906044006348 -0.45297709139034265 0.7919352695512956 0.4094511979665732 0.5823194358316849 -0.0849415060056881 0.8085103680288546 0 0 0 0 0 0
-4.192858695983887 -0.576726496219635 -5.598723411560059 -0.8022797638926923 0.37945229352935883 0.46082875060438133 0.5227659410402978 0.0738891770897892 0.8492680144673093 0 0 0 0 0 0
-3.9934146404266357 -0.3912072777748108 -5.187558174133301 -0.8978390083781864 -0.26726032607035966 0.3499386133927494 0.3542250379036102 0.03367277547501659 0.9345537794658983 0 0 0 0 0 0
-3.9106669425964355 -0.1797187477350235 -4.7625226974487305 -0.7948748154179669 -0.5441220313906235 0.2685241940116281 0.2272051952568378 0.1434412255097036 0.9632250069804961 0 0 0 0 0 0
-4.030429840087891 0.07246528565883636 -4.339927673339844 -0.2836225666412425 -0.9492457387038093 0.13598076056741717 0.2504264942434726 0.06356327067855753 0.966046728477235 0 0 0 0 0 0
-4.182302474975586 0.04676417261362076 -3.831132650375366 0.21595327743730094 -0.9734226429997977 -0.07624001612917111 -0.08324064252307194 -0.09615250690940876 0.9918798772267651 0 0 0 0 0 0
-4.416117191314697 -0.08631928265094757 -3.4398601055145264 0.823279473569583 -0.5630444856787116 -0.07205425418242396 0.08605035342339708 -0.0016755311587197622 0.9962893802861921 0 0 0 0 0 0
-4.545930862426758 -0.3127976953983307 -3.063872814178467 0.989875180667399 -0.12153937017540857 -0.07331649334255785 0.04694614065892708 -0.20711985681996717 0.9771885308312357 0 0 0 0 0 0
-4.472914218902588 -0.6761536598205566 -2.7040610313415527 0.899284011897441 0.4339603370250063 -0.05446734650032209 0.24710914986508922 -0.40138238185776837 0.8819462861122199 0 0 0 0 0 0
-4.1860504150390625 -1.0656996965408325 -2.2842917442321777 0.6136479443561159 0.7826274453427199 -0.10454894635452354 0.30686858894928876 -0.11439152292907671 0.9448525009747496 0 0 0 0 0 0
-3.698976516723633 -1.2013421058654785 -2.0318381786346436 -0.011820841098525603 0.9891451782950325 0.1464652995470654 0.4716910047513694 -0.12363822581509294 0.8730527963152858 0 0 0 0 0 0
-3.2950689792633057 -1.1161876916885376 -1.7028411626815796 -0.46881811360342573 0.8522880489190193 0.23197986556409678 0.5164180393908163 0.051404586247556366 0.8547923590583054 0 0 0 0 0 0
-2.915782928466797 -0.8944302797317505 -1.4686890840530396 -0.8309476299244889 0.3392346628736671 0.44096017941290805 0.5288307818918528 0.2354142572954808 0.8154251232244866 0 0 0 0 0 0
-2.7301976680755615 -0.4695271849632263 -1.0751649141311646 -0.8655112747517998 -0.32019129114939315 0.3851853714117382 0.3435199998415784 0.18021160367356864 0.9216928922424447 0 0 0 0 0 0
-2.8208518028259277 -0.11053986847400665 -0.5582196116447449 -0.5726258231052792 -0.8086792342352246 0.13467576927470049 0.3296222886882065 -0.0766946010521445 0.9409926062246192 0 0 0 0 0 0
-2.8965237140655518 -0.11558768153190613 -0.04840892180800438 0.07372121293657007 -0.9906543542586964 -0.1147568435930772 0.346634072972279 -0.08244159322031831 0.9343704849586938 0 0 0 0 0 0
-2.907562732696533 -0.31804537773132324 0.47829845547676086 0.2067696263676921 -0.8644082842837536 -0.4583062727842405 0.3592695096236475 -0.36862332339422293 0.8573460590126848 0 0 0 0 0 0
-3.002504587173462 -0.6083798408508301 0.9026135802268982 0.7301838354700835 -0.4869440964064302 -0.4792880275920974 0.38149173822364413 -0.2913938710879439 0.877242079222996 0 0 0 0 0 0
-2.9053661823272705 -0.9896214008331299 1.2343024015426636 0.912194790441362 0.021939780641502402 -0.40916904858144204 0.39205993685821816 -0.33702556206858286 0.8559805934850894 0 0 0 0 0 0
-2.7051844596862793 -1.3738980293273926 1.5030128955841064 0.8198197300288398 0.5219140839076871 -0.23558713732765638 0.46374189872381144 -0.3637940297999731 0.8078349802094057 0 0 0 0 0 0
-2.2369232177734375 -1.6668343544006348 1.6333870887756348 0.26459645090620326 0.9448118338612826 0.1931820818904309 0.45540181872656205 -0.29899669384440336 0.8385762699782624 0 0 0 0 0 0
-1.7662572860717773 -1.8243898153305054 1.8544318675994873 -0.21598110785315797 0.9151654319531712 0.3403298300303514 0.4906963817811393 -0.19960631422251923 0.8481594073223496 0 0 0 0 0 0
-1.4194376468658447 -1.7512764930725098 2.2802324295043945 -0.5547728348159063 0.8029899509681898 0.21779403204501996 0.49561709721264896 0.10869240352148436 0.8617132088852012 0 0 0 0 0 0
-1.0277796983718872 -1.474777102470398 2.5294017791748047 -0.8126693204892665 0.414430332135417 0.4096536040872114 0.47151554670363544 0.054587684025994766 0.8801666171637336 0 0 0 0 0 0
-0.9164656400680542 -1.1710114479064941 2.9182488918304443 -0.8362725626299752 -0.3489848089624613 0.4229158357235262 0.46325668774391 -0.0370754206507832 0.8854482788080336 0 0 0 0 0 0
-0.9263181686401367 -0.968231737613678 3.355926275253296 -0.6203851062096437 -0.7626098961476961 0.18316240414137724 0.30991092227733447 -0.023831743885799013 0.9504668685633254 0 0 0 0 0 0
-1.0532721281051636 -0.8508787155151367 3.7983415126800537 -0.08381738011984004 -0.9951838315079748 0.05083097770998502 0.09461002382112502 0.04283243526101045 0.994592542643558 0 0 0 0 0 0
-1.2409582138061523 -0.9165102243423462 4.336198329925537 0.46331287348635486 -0.8753499232358664 -0.13821611032285577 -0.04637993698499982 -0.1797033223067179 0.9826268963330872 0 0 0 0 0 0
-1.451449990272522 -1.1698088645935059 4.704240798950195 0.8837916605771527 -0.43057987810763126 -0.18306629745285177 0.10772891009431342 -0.19348551992720237 0.9751706699385454 0 0 0 0 0 0
-1.4481968879699707 -1.4258990287780762 5.086413383483887 0.9788640521255387 0.1247553628195699 -0.16205328415101086 0.1896096917440072 -0.25667495152635916 0.9477162729718658 0 0 0 0 0 0
-1.2353451251983643 -1.803125262260437 5.430871963500977 0.6859470853838078 0.7163628589687205 -0.1276747835072388 0.20399645481893813 -0.020896197435874946 0.978748586386732 0 0 0 0 0 0
-0.8189519643783569 -1.9031314849853516 5.747588634490967 0.1703264013672091 0.9753280110596048 -0.14044282765528404 0.43187913112650567 0.05421798241399724 0.9003004090193285 0 0 0 0 0 0
-0.3657061755657196 -1.8103406429290771 6.165248394012451 -0.44987618368177673 0.8927522686642264 -0.024592806891392264 0.19044379072200396 0.12279913998205894 0.9739874402655818 0 0 0 0 0 0
-0.044520385563373566 -1.5068267583847046 6.500543117523193 -0.8994939544448912 0.41763982492511514 0.1284040597240255 0.18442592044428377 0.0964902717405598 0.9780985161668081 0 0 0 0 0 0
-0.015369887463748455 -1.01680326461792 6.8709564208984375 -0.9579416802246212 -0.2634968656737529 0.1136535924136913 0.0552195445906587 0.2193943281033619 0.9740723436641012 0 0 0 0 0 0
-0.191160649061203 -0.690549373626709 7.305094242095947 -0.6702378417299539 -0.7351153300390022 0.10191509728603522 -0.0783929128030057 0.20668301871205683 0.9752623652117066 0 0 0 0 0 0
-0.4619332551956177 -0.5599860548973083 7.75328254699707 -0.03205796519753561 -0.9832681888142084 0.17932081790305282 -0.2609450054722587 0.18142438111189907 0.9481523601495951 0 0 0 0 0 0
-0.8061794638633728 -0.47693219780921936 8.041258811950684 0.4027842350750401 -0.8844375897257559 0.23565867235285531 -0.5002429554192114 0.0028969958484706564 0.8658802417011876 0 0 0 0 0 0
-1.0739150047302246 -0.5628132820129395 8.530782699584961 0.7599643705372413 -0.5946688357278165 0.2623416309472405 -0.36862655777101 -0.06191286357115478 0.927513481427799 0 0 0 0 0 0
-1.2924790382385254 -0.9548817276954651 8.849900245666504 0.9510664117536237 -0.058620412720975325 0.30337489620354063 -0.30476002715716927 -0.3398067033702545 0.8897486893453688 0 0 0 0 0 0
-1.2734283208847046 -1.4070460796356201 9.076189994812012 0.6862703956200645 0.5612714717510594 0.4626092077487003 -0.34937650799768755 -0.3034654928678065 0.8864788493234573 0 0 0 0 0 0
1.8816884756088257 -2.979503870010376 9.13311767578125 -0.17216324542724346 -0.9006825171418992 -0.39891204574303213 -0.28587260739971004 0.4332137271438094 -0.8547530163460441 0 0 0 0 0 0
1.921015977859497 -2.9705121517181396 8.632599830627441 -0.49659659625292507 -0.8650221776995978 -0.07161321580445047 -0.13188474249295273 0.1567452154898369 -0.9787938251330627 0 0 0 0 0 0
2.0350658893585205 -3.0898094177246094 8.14064884185791 -0.9204349285039107 -0.38025006831756025 0.09060589348652409 -0.17693997418404034 0.19860590726137667 -0.9639750718439958 0 0 0 0 0 0
1.917977213859558 -3.280146360397339 7.632142543792725 -0.9538506401453516 0.1424732087507817 0.2643299852127244 -0.2579333419209589 0.06197602203677824 -0.9641728910408043 0 0 0 0 0 0
1.6394429206848145 -3.537022352218628 7.30336332321167 -0.7469750222778234 0.6444524164517641 0.16343010439489744 -0.2302514951498628 -0.02015245029586336 -0.9729224674804902 0 0 0 0 0 0
1.415144443511963 -3.7305662631988525 6.908434867858887 -0.40088556712219087 0.9105947284771498 0.10053856246607655 -0.3132543060907003 -0.03311992371416269 -0.9490915711188264 0 0 0 0 0 0
1.0643020868301392 -3.735931158065796 6.593738079071045 0.39710046746286465 0.91473941377821 -0.07458567973459093 -0.3123962552872981 0.05830455139242438 -0.9481609351631195 0 0 0 0 0 0
0.8057414293289185 -3.5440828800201416 6.196463108062744 0.8012563087524875 0.5707117042927664 -0.17965655642804762 -0.371309383065497 0.2388507680064711 -0.8972623098460333 0 0 0 0 0 0
0.5957725048065186 -3.179772138595581 5.92976188659668 0.9488664271503872 0.02894985231338376 -0.3143475934024184 -0.31335215187159493 0.20702842667716206 -0.9267953708694384 0 0 0 0 0 0
0.5644301176071167 -2.9024789333343506 5.496532440185547 0.6798615152458195 -0.699394269073589 -0.22053565805710082 -0.23781186903731924 0.0742120470836129 -0.9684720372899965 0 0 0 0 0 0
0.8511098027229309 -2.717233896255493 5.027725696563721 0.033356331968187256 -0.9984193043340431 -0.045235471156532606 -0.23229317496609106 0.036276373236823485 -0.9719690867558268 0 0 0 0 0 0
0.9168803691864014 -2.8415215015411377 4.397762298583984 -0.29066525524682785 -0.8945709975548428 0.33949438835720036 -0.1610536104969975 -0.3040093104578089 -0.9389569072651042 0 0 0 0 0 0
1.0960503816604614 -3.0473086833953857 3.941162109375 -0.7094351175587086 -0.5437560189615426 0.44836503634600683 -0.29740726150860236 -0.34578672793207305 -0.8899328399311852 0 0 0 0 0 0
1.05368971824646 -3.4867894649505615 3.7056922912597656 -0.933455754126098 0.09598560114732775 0.34561122589010834 -0.3543080077332396 -0.39693139881130207 -0.846706147546955 0 0 0 0 0 0
0.8007972240447998 -3.875819444656372 3.48933744430542 -0.6989146062367487 0.7139485608991684 0.042377182291147696 -0.36868981455139255 -0.3088868464016437 -0.876730709377804 0 0 0 0 0 0
0.3157210052013397 -4.093742847442627 3.2849929332733154 -0.21342747936710355 0.9570361287083993 -0.19629202581318772 -0.45225780299120694 -0.2748822917220108 -0.8484707451239685 0 0 0 0 0 0
-0.09006648510694504 -4.1600823402404785 2.9541001319885254 0.22014359330948696 0.9386300216678379 -0.2655380966050283 -0.5583110745596677 -0.10197799456477613 -0.823340289703216 0 0 0 0 0 0
-0.49546027183532715 -3.9927966594696045 2.625208616256714 0.7325509347112824 0.5748980852751926 -0.3645014672131567 -0.4688574161417051 0.03792717911346518 -0.8824592072234383 0 0 0 0 0 0
-0.704655110836029 -3.7529802322387695 2.2112951278686523 0.9062570974845762 0.1048271615636408 -0.40952330758742106 -0.42253031411616226 0.19508271635946847 -0.8851050036186151 0 0 0 0 0 0
-0.7167895436286926 -3.3089661598205566 1.8701075315475464 0.663591432787321 -0.5670082445366273 -0.4880041608006662 -0.39244742582836334 0.2915107935481636 -0.8723568508389278 0 0 0 0 0 0
-0.6386780142784119 -3.0335469245910645 1.4410347938537598 0.327331143351638 -0.8956241468499695 -0.3011838477929612 -0.358244282203283 0.17731884273365175 -0.916634639472158 0 0 0 0 0 0
-0.4929353892803192 -2.9626669883728027 0.9504942893981934 -0.20239887942357548 -0.9782767604281936 -0.04482492179803383 -0.3554060227032657 0.11602863212693702 -0.9274825688674682 0 0 0 0 0 0
-0.2850152850151062 -2.9972808361053467 0.5151216387748718 -0.830236042159677 -0.5568847659466308 0.024237816642623873 -0.138303349510009 0.16367771607011694 -0.976771103573597 0 0 0 0 0 0
-0.4502198100090027 -3.0764095783233643 0.02512161247432232 -0.8444388642560703 -0.49113456178082576 0.21379861262008779 -0.1371762112825201 -0.18754544678199248 -0.9726301416517568 0 0 0 0 0 0
-0.5627648830413818 -3.401972770690918 -0.5291590094566345 -0.8782064681559476 0.20001528206292984 0.43445055671542554 -0.39227195811417265 0.21847306763334395 -0.8935279679988474 0 0 0 0 0 0
-0.9369091987609863 -3.5889883041381836 -0.8573597073554993 -0.4230872795371497 0.8099900431547509 0.40609516604364854 -0.4125149267357357 0.22685290371748001 -0.882252342187403 0 0 0 0 0 0
-1.341794490814209 -3.5477747917175293 -1.1093755960464478 0.18838570117039913 0.9668109632368577 0.17259023425314873 -0.469635919797916 0.2430248674932979 -0.8487526239225601 0 0 0 0 0 0
-1.6997778415679932 -3.204892873764038 -1.4023698568344116 0.6354417581487778 0.7622603388113306 0.12317852035166563 -0.4051584845528455 0.46495787404741884 -0.7871853515889041 0 0 0 0 0 0
-2.0168497562408447 -2.8183624744415283 -1.5872758626937866 0.9356203642350464 0.25635991125449376 -0.2426811280884187 -0.33426534694953386 0.42236005675276245 -0.8425429723690723 0 0 0 0 0 0
-2.1397316455841064 -2.347485303878784 -1.8559401035308838 0.9124774852230807 -0.22073849349494984 -0.3444696742102892 -0.2014882768419904 0.4903220595318055 -0.8479308652429951 0 0 0 0 0 0
-2.0466275215148926 -1.934289574623108 -2.187415361404419 0.4958190124660197 -0.7736699685125566 -0.3944594867651183 -0.19426347266013713 0.34390221703978596 -0.9186908992175465 0 0 0 0 0 0
-1.8140039443969727 -1.7997803688049316 -2.606550931930542 -0.11045652809633745 -0.9683247050099748 -0.22393441242526382 -0.1784695455531537 0.24097524018774286 -0.9539808986172159 0 0 0 0 0 0
-1.6253173351287842 -1.8751788139343262 -3.1710715293884277 -0.6567703352931034 -0.7518220195705707 0.05844978672170537 -0.1947464056607157 0.09422190945654611 -0.9763176067554014 0 0 0 0 0 0
-1.5314176082611084 -2.1423165798187256 -3.6110012531280518 -0.9159510397606939 -0.3173820247976223 0.2455653540234557 -0.20187988246410007 -0.1644197034253135 -0.9655105769393795 0 0 0 0 0 0
-1.7388511896133423 -2.4299068450927734 -4.008504390716553 -0.8634062461411549 0.19233462655025124 0.4664086679664247 -0.5040102692883083 -0.28772213111826317 -0.8143645520997904 0 0 0 0 0 0
-1.9269542694091797 -2.8140077590942383 -4.23651123046875 -0.7136439927503622 0.693977955089672 0.09542981431857751 -0.5442141270265746 -0.46347427680472164 -0.6993014934097053 0 0 0 0 0 0
-2.259046792984009 -3.1282851696014404 -4.491017818450928 -0.5299408481208477 0.8452909598105974 0.06816077138234101 -0.7268657523260956 -0.41134954073904584 -0.5499615745024328 0 0 0 0 0 0
-2.7414262294769287 -3.351105213165283 -4.377282619476318 -0.13738743480034465 0.8197547034991172 -0.555991833438276 -0.6220915893033663 -0.5082114681404617 -0.5955863985758311 0 0 0 0 0 0
-3.235935926437378 -3.4174373149871826 -4.47152853012085 0.29597258656641806 0.549107772821207 -0.7815886909548511 -0.7225380434764781 -0.40649549084781933 -0.5591960225623693 0 0 0 0 0 0
-3.678006410598755 -3.3053128719329834 -4.699127197265625 0.5885242548684608 0.15310002702230652 -0.7938511089349766 -0.7600872778494252 -0.2298344801360789 -0.6078185928317996 0 0 0 0 0 0
-3.9960432052612305 -3.1216697692871094 -5.045025825500488 0.7221622206069903 -0.3536877797232263 -0.5944633559795216 -0.6809516159891573 -0.2124255191469072 -0.7008425611340411 0 0 0 0 0 0
-4.227092266082764 -3.0510997772216797 -5.471930503845215 0.6854748178923973 -0.6111735263913304 -0.3957160530908122 -0.5030617248119417 -0.004652211100122373 -0.8642379637351708 0 0 0 0 0 0
0.8996167778968811 -1.7770055532455444 -7.231266498565674 0.1605819933678997 0.9818961122544364 0.1004661542292477 0.2542830633446507 -0.1395065262553964 0.9570151789957215 0 0 0 0 0 0
1.2307413816452026 -1.705268383026123 -6.956679821014404 -0.5313950302778262 0.7958217745035455 0.2903222778604085 0.36409665958503484 -0.09488173627575992 0.9265155576677149 0 0 0 0 0 0
1.5668728351593018 -1.604684591293335 -6.532770156860352 -0.8954888272495076 0.36363299519483216 0.25665308312376955 0.23837181449894393 -0.09514136296887915 0.966502456854045 0 0 0 0 0 0
1.6378415822982788 -1.2807461023330688 -6.1163482666015625 -0.9636654846385854 -0.22124336517300064 0.1496669872857964 0.15106629684975142 0.010682080862021458 0.988465916005484 0 0 0 0 0 0
1.5787023305892944 -0.989575207233429 -5.648009300231934 -0.6781920747882613 -0.7346383688508159 0.01902568544379322 0.01826528843294666 0.00903078569477028 0.999792390523251 0 0 0 0 0 0
1.2334914207458496 -0.8698276877403259 -5.267495632171631 -0.051900245880053035 -0.9980707736713772 0.03407484733067129 -0.14586201815400202 0.04133099468828565 0.9884412074261769 0 0 0 0 0 0
0.9296786189079285 -0.9655144214630127 -4.840512752532959 0.340638572514624 -0.9388287884700357 -0.050654406077694766 -0.23817593985092156 -0.13828649897354028 0.9613267217121197 0 0 0 0 0 0
0.6070627570152283 -1.1901921033859253 -4.488849639892578 0.7697907730959952 -0.6356538661739141 0.05802006613600018 -0.2406049015235366 -0.20477716427570516 0.9487758398874047 0 0 0 0 0 0
0.35251763463020325 -1.6255295276641846 -4.2371320724487305 0.9786086754313368 -0.051814930719661034 0.19909865224315623 -0.20558722503977972 -0.28241701065107805 0.9370029482319424 0 0 0 0 0 0
0.3751848340034485 -1.9489269256591797 -3.8105125427246094 0.8803510225883847 0.4582939506278532 0.12226500662699868 0.03345365279969612 -0.3171179314405637 0.9477959013802579 0 0 0 0 0 0
0.6704766154289246 -2.2629482746124268 -3.3907530307769775 0.35270600171066147 0.923326435970201 0.15187748021298372 0.06732920579556981 -0.1869295164752906 0.9800633315848788 0 0 0 0 0 0
0.9896532893180847 -2.3569231033325195 -3.004577875137329 -0.2359184110946706 0.9680194696560566 0.08532766065803489 0.17526904473131039 -0.04398029350950727 0.9835377449502339 0 0 0 0 0 0
1.282770037651062 -2.2507667541503906 -2.6099724769592285 -0.718644811472284 0.6884319953481061 0.09803582368190993 0.10574795335438246 -0.031147708894337454 0.9939050209109485 0 0 0 0 0 0
1.4785969257354736 -1.8882743120193481 -2.239314079284668 -0.9843711803114222 0.009652342811828576 0.1758414389458315 0.17484182023997857 0.17299909633496027 0.9692789333120051 0 0 0 0 0 0
1.4114620685577393 -1.5311524868011475 -1.9282363653182983 -0.6806653042862095 -0.6416227587351733 0.35357457348348426 0.22375775164235032 0.2774894341833677 0.9343083444433934 0 0 0 0 0 0
1.2664320468902588 -1.2472872734069824 -1.4819399118423462 -0.2699964827355195 -0.9436640298544949 0.1913115210049388 0.20457969536476125 0.13793146705204665 0.9690831020306421 0 0 0 0 0 0
1.082862138748169 -1.1576976776123047 -0.958649218082428 0.0648386971325016 -0.9956309310661328 -0.06719369359207399 0.19178665359556085 -0.05364694924584546 0.9799693282645279 0 0 0 0 0 0
0.9485651254653931 -1.2896939516067505 -0.4242156445980072 0.6040150705654277 -0.7332166699452984 -0.31234453644040033 0.3514748575920049 -0.10667451948790008 0.93009997923487 0 0 0 0 0 0
0.9336854815483093 -1.7010668516159058 0.002326292684301734 0.8854451803016632 -0.23190122701794208 -0.4027513545453673 0.3224783094020718 -0.3174580951005927 0.891755626738786 0 0 0 0 0 0
1.0507361888885498 -2.205085277557373 0.2122901827096939 0.834231390136895 0.5331729089737978 -0.1406578716129392 0.27747766023478354 -0.18547100662343294 0.9426593519255622 0 0 0 0 0 0
1.415077567100525 -2.442300796508789 0.5220106244087219 0.4072517915661491 0.9097370614543885 -0.08077411270014688 0.40571392180690796 -0.10096543736501173 0.9084064036045486 0 0 0 0 0 0
1.8491449356079102 -2.5072109699249268 0.7149756550788879 -0.07424140450749948 0.9796023251580326 0.1867284081272317 0.5414794824845609 -0.11764007950748857 0.8324426597320226 0 0 0 0 0 0
2.2946786880493164 -2.366664171218872 0.9658523797988892 -0.6689160796358591 0.6488233009689244 0.3627390281240519 0.5774511701073411 0.14627919347844295 0.8032138841535041 0 0 0 0 0 0
2.6088483333587646 -2.117342948913574 1.3768658638000488 -0.9202989021687188 0.2423056093174174 0.3071447905473349 0.36884019840199933 0.27568887566683226 0.8876669149384424 0 0 0 0 0 0
2.729485034942627 -1.710561990737915 1.7564680576324463 -0.8911091862581589 -0.3804383951722741 0.24736823895776539 0.1534924203036963 0.26029319026042536 0.9532510330512963 0 0 0 0 0 0
2.6759142875671387 -1.3316833972930908 2.181649684906006 -0.5769029017331349 -0.7826976994542797 0.2335965608498276 0.10506470370579724 0.21250337333177136 0.9714956121145536 0 0 0 0 0 0
2.453181266784668 -1.1808879375457764 2.6017539501190186 -0.0517305440404551 -0.9830952101541359 0.17563529994074045 0.026273044675433066 0.17447017573484944 0.9843118839588059 0 0 0 0 0 0
2.2255845069885254 -1.1952879428863525 3.1008098125457764 0.6076208224623305 -0.7876884660306264 -0.10170455541675442 0.07491681600246368 -0.07064078601914033 0.9946845480003452 0 0 0 0 0 0
2.035975456237793 -1.5303236246109009 3.5561065673828125 0.9484545294864232 -0.29919065715190973 -0.10449380924100646 0.10725027245987115 -0.0072406435923741954 0.9942056890491281 0 0 0 0 0 0
2.080247640609741 -1.8182053565979004 3.986067295074463 0.9661510933609769 0.08777155423365847 -0.2425865187202228 0.25783806056392294 -0.3593802434082014 0.8968641899264888 0 0 0 0 0 0
2.3500661849975586 -2.198763370513916 4.220604419708252 0.7451678151814914 0.6657132173756125 0.039380698686709376 0.2746211313766858 -0.36013882095625155 0.8915622602160942 0 0 0 0 0 0
2.741220474243164 -2.4239866733551025 4.612615585327148 0.18278556434719875 0.9825034775192372 0.03572609870783177 0.2783671012517255 -0.08657051947417292 0.9565653673945568 0 0 0 0 0 0
3.2030749320983887 -2.3808488845825195 4.8207244873046875 -0.3874320482097708 0.8829402143712287 0.2651659591012209 0.5031480643636321 -0.038500092026477244 0.8633422080734169 0 0 0 0 0 0
3.5665769577026367 -2.159151554107666 5.198052406311035 -0.7945997963474264 0.5429863324993376 0.27161923047447756 0.4350306083738421 0.19712872075648544 0.8785719305957802 0 0 0 0 0 0
3.7740213871002197 -1.8641369342803955 5.5496649742126465 -0.9335570881942894 0.022377837699259256 0.35772950040792734 0.33338362435070573 0.42073828137274943 0.8437029439336412 0 0 0 0 0 0
3.724980354309082 -1.3753931522369385 5.844787120819092 -0.6961690652497589 -0.5565443070491523 0.45343915455158473 0.26371516908792114 0.3892088607155045 0.882593208864349 0 0 0 0 0 0
3.6161324977874756 -1.062712550163269 6.190573692321777 -0.17752731720066614 -0.8990878463001306 0.40015633980099186 0.2186593051491025 0.3604146805431275 0.9068017238187779 0 0 0 0 0 0
3.319489002227783 -0.8771533966064453 6.709125995635986 0.2763871028187894 -0.9087371454000879 0.31274105896977344 0.12136502829266495 0.35581554413760647 0.9266422332581111 0 0 0 0 0 0
3.1801702976226807 -0.9854559302330017 7.217940330505371 0.792476339168938 -0.6064894240519678 0.06443469849786423 -0.0867176792287475 -0.0074717644997636746 0.9962049070569972 0 0 0 0 0 0
3.1776845455169678 -1.2913261651992798 7.751252174377441 0.9709545303445761 -0.010502975643852937 -0.23903344432519966 0.23926342461329383 0.044960299803186166 0.9699131843025572 0 0 0 0 0 0
3.267198324203491 -1.6094409227371216 8.177545547485352 0.8028295500386178 0.583523497698214 -0.12233168526115056 0.2867639226933073 -0.19803833081667813 0.9373085256034381 0 0 0 0 0 0
3.6816256046295166 -1.8391646146774292 8.538508415222168 0.41044915867925036 0.9095533376930138 -0.06514763258165157 0.38510453041783765 -0.10813770750772142 0.916515540984784 0 0 0 0 0 0
5.14113187789917 1.0370914936065674 7.574344635009766 -0.7162951413119811 -0.30343566367943103 -0.628369372694335 0.6883838889681553 -0.4546928480425104 -0.5651389522480902 0 0 0 0 0 0
4.802157402038574 1.44850492477417 7.496950149536133 -0.7682694899938745 -0.597579461299379 0.22947936329373084 -0.029016495833387265 -0.3256117130852613 -0.9450582285082929 0 0 0 0 0 0
4.8507080078125 1.0830562114715576 7.104946136474609 -0.9609894038500805 -0.09800867637831913 0.2586380966571571 -0.18834772688615045 -0.4528963114777904 -0.8714413719962074 0 0 0 0 0 0
4.7845354080200195 0.6915298104286194 6.805046081542969 -0.8976591297787484 0.4236704090561443 0.12129085379804855 -0.26627565505030865 -0.30213265977992604 -0.9153213268693332 0 0 0 0 0 0
4.505411148071289 0.4208022356033325 6.461674690246582 -0.5768364387297784 0.8146657019920132 0.05982906443700258 -0.4146900068103893 -0.22894970214625862 -0.880689634399508 0 0 0 0 0 0
3.9647202491760254 0.29751619696617126 6.253188133239746 0.20761234441295123 0.9480131891608193 -0.24118065350373882 -0.4353886186811571 -0.13123207589516242 -0.8906261241279422 0 0 0 0 0 0
3.5910580158233643 0.42204758524894714 5.914000988006592 0.6046671170380172 0.7633997305378026 -0.2271530959237473 -0.5284100675905867 0.17110131869546596 -0.8315690826441207 0 0 0 0 0 0
3.2433583736419678 0.6682419776916504 5.582400321960449 0.8968605976069127 0.25974949453718893 -0.3580101514592095 -0.435576604905072 0.3779340985841267 -0.8169693007615247 0 0 0 0 0 0
3.129467487335205 1.0924807786941528 5.325157165527344 0.7950807792393201 -0.4060298867935641 -0.45053999324654964 -0.291235370097935 0.3960093511100855 -0.8708378454323674 0 0 0 0 0 0
3.199209213256836 1.4483410120010376 4.9134650230407715 0.352653676425424 -0.8691419792422276 -0.3467385245722426 -0.06779200889538232 0.3458410710808965 -0.9358409037243173 0 0 0 0 0 0
3.349249839782715 1.5656518936157227 4.4211249351501465 -0.3289702955486891 -0.9364506428773968 -0.12181435917459917 -0.015122434758562082 0.13420163481957859 -0.9908386514356036 0 0 0 0 0 0
3.4634642601013184 1.5314931869506836 3.8921966552734375 -0.41609568465029834 -0.9029322133063438 0.10760018303472654 0.049072254713298714 -0.1404550280853865 -0.9888702133762988 0 0 0 0 0 0
3.623053550720215 1.2246265411376953 3.4341797828674316 -0.8973593186647286 -0.36282827392326755 0.2512009093284424 -0.22137070907476666 -0.1223291635292315 -0.9674867362987328 0 0 0 0 0 0
3.530407667160034 0.8341054320335388 2.981111526489258 -0.915695046436443 0.24054599078850122 0.3219319932025069 -0.3498728390159175 -0.08305926696529528 -0.9331077937141721 0 0 0 0 0 0
3.222890615463257 0.5926836133003235 2.685251474380493 -0.6435700335778233 0.7144595171848922 0.27452724852839305 -0.5348379836029834 -0.16321622447646342 -0.8290408888366988 0 0 0 0 0 0
2.813349962234497 0.3779160976409912 2.5442681312561035 -0.2548723290976946 0.9231028405506899 -0.2879604862260866 -0.5814487130452948 -0.38424702892027773 -0.7171273351810749 0 0 0 0 0 0
2.3379862308502197 0.28820833563804626 2.316596269607544 0.3433891389511582 0.8208730768694026 -0.456345582778383 -0.5335297187110731 -0.22938308240807329 -0.8140819619405987 0 0 0 0 0 0
1.8996567726135254 0.43157994747161865 2.0842509269714355 0.7821863527531114 0.3223619682121419 -0.533167207372302 -0.4765801249240221 -0.24164056479424137 -0.8452699107227961 0 0 0 0 0 0
1.6796202659606934 0.6809930205345154 1.6875821352005005 0.931943207782004 -0.16633847447253827 -0.3222008215059935 -0.33373862465304244 -0.046053554427813 -0.941540015368046 0 0 0 0 0 0
1.678297758102417 0.9190314412117004 1.1768970489501953 0.6550653462768574 -0.7518829667976347 -0.07457477017576382 -0.32247546130472965 -0.1889555036904706 -0.9275264926035172 0 0 0 0 0 0
1.7472012042999268 1.0696464776992798 0.6715559959411621 0.4693215252671685 -0.8745062021330018 0.12237731959726736 0.2160234142773891 -0.020670580646804042 -0.9761693559929362 0 0 0 0 0 0
2.109388828277588 1.077957034111023 0.37546661496162415 -0.28906871451462074 -0.9548270261303562 -0.06888126348960814 0.10526667768355767 0.03981280324445009 -0.993646751751992 0 0 0 0 0 0
2.417747974395752 0.8382631540298462 -0.036033645272254944 -0.7891366152437583 -0.6101045645428775 -0.07096353151845203 0.13256921274427635 -0.056370458684295494 -0.9895694898389324 0 0 0 0 0 0
2.5095765590667725 0.5081675052642822 -0.44826197624206543 -0.995186584603805 0.07981017931622586 0.056868243353609405 -0.06177128731025805 -0.06037124048308816 -0.9962628274640015 0 0 0 0 0 0
2.3795018196105957 0.2596842050552368 -0.8937479257583618 -0.8571434692142986 0.4945431522920703 0.1439866094617796 -0.2442813397677626 -0.14419785565762994 -0.9589231488836885 0 0 0 0 0 0
2.042288064956665 0.0969744548201561 -1.28866446018219 -0.3060317773623845 0.9478625465603562 0.0888883798510065 -0.06339891634647304 0.07286993831643683 -0.9953243438677927 0 0 0 0 0 0
1.871300220489502 0.2457251250743866 -1.8103156089782715 0.2809555626108375 0.9182306334548821 0.27913522820144704 -0.004420950734494942 0.2920856422865895 -0.9563819492047275 0 0 0 0 0 0
1.647704005241394 0.4440155029296875 -2.215195894241333 0.6583958768725519 0.7122281849538932 0.24340476962152272 -0.1754034236286385 0.45967254878460617 -0.870594501977365 0 0 0 0 0 0
1.320503830909729 0.8331860303878784 -2.469666004180908 0.9762178017195814 0.21483437015232398 -0.029068832227014563 -0.11923924735436783 0.4201047076419366 -0.8996077125655645 0 0 0 0 0 0
1.3362184762954712 1.2998809814453125 -2.6242098808288574 0.8423392696407972 -0.36780999922055574 -0.3939293836392294 -0.15430578398941433 0.5357362520897633 -0.830166485245114 0 0 0 0 0 0
1.4234082698822021 1.726539134979248 -3.040768623352051 0.6617984655041251 -0.6971183447009098 -0.2757694771686108 -0.02742688461575531 0.3450883394477234 -0.9381693898105433 0 0 0 0 0 0
1.663702130317688 1.9852548837661743 -3.3898744583129883 -0.014280455577923195 -0.9552983134180666 -0.2952984946949173 -0.021517655910091225 0.2955538235617978 -0.9550837281946212 0 0 0 0 0 0
2.0834298133850098 2.050316333770752 -3.8134658336639404 -0.4161217446451673 -0.8751197273382518 -0.24699829241694382 0.07490164765920702 0.2377218505682291 -0.9684410487687688 0 0 0 0 0 0
2.2423739433288574 1.9743326902389526 -4.3646979331970215 -0.881093048895656 -0.4715945970071364 0.035687186235867835 -0.029008573107064093 -0.021426706814965786 -0.9993494878776682 0 0 0 0 0 0
2.321450710296631 1.7359118461608887 -4.769639015197754 -0.9947794949691516 0.0982907994863816 0.027434925282341073 -0.06511363048929843 -0.40436611965277786 -0.9122764144717643 0 0 0 0 0 0
2.208326578140259 1.2903927564620972 -5.109461307525635 -0.6803697619700896 0.7312685848447992 -0.048407063697857126 -0.1271707631950483 -0.1828524589526238 -0.9748808005306947 0 0 0 0 0 0
1.8232028484344482 1.0887696743011475 -5.430350303649902 -0.18111720315684718 0.970477773717391 -0.15927790004008074 -0.14614901521417814 -0.18671801016753756 -0.9714817805965285 0 0 0 0 0 0
1.402327060699463 1.0440471172332764 -5.75908088684082 0.432751160739061 0.8519491105559769 -0.29480357172509897 -0.3728246978960734 -0.12860885893271162 -0.918945866764048 0 0 0 0 0 0
1.1163525581359863 1.19721257686615 -6.123997688293457 0.8687252923555377 0.3610785751569676 -0.3390260004548317 -0.37746918762332515 0.039484374940674874 -0.92517998061487 0 0 0 0 0 0
0.971884548664093 1.4790070056915283 -6.624380111694336 0.9667622676777758 -0.2021736277586935 -0.15651371196612018 -0.1472774452294619 0.06004334924773045 -0.9872710622406584 0 0 0 0 0 0
1.0309921503067017 1.6454968452453613 -7.081401348114014 0.8121410457187529 -0.5832746023125808 -0.014753309999842628 0.11666245622032055 0.18711007596549403 -0.9753869441308045 0 0 0 0 0 0
1.2742161750793457 1.8125178813934326 -7.498167514801025 0.26726587682004516 -0.9630950925952046 -0.03188720286646218 0.15084745853057435 0.07449841571611317 -0.9857459258402523 0 0 0 0 0 0
-0.8003839254379272 2.7276182174682617 -6.83617639541626 -0.07485325505677588 0.9971177577766205 0.012376079101637289 0.5650080599780561 0.03218189684561244 0.8244575293338353 0 0 0 0 0 0
-0.2967190146446228 2.9731407165527344 -6.705069065093994 -0.6622223641228461 0.6177881049242107 0.42402759092976633 0.5290655470585082 -0.015223337582083543 0.8484443982421852 0 0 0 0 0 0
0.018373027443885803 3.270155668258667 -6.387732982635498 -0.9058410176725783 0.1759876626786398 0.3853315368443351 0.41128015116966254 0.1474310131573742 0.8995069391690371 0 0 0 0 0 0
0.17585064470767975 3.5258965492248535 -5.898273468017578 -0.8943546902568684 -0.3297486406783453 0.3023169230895358 0.2791714141976783 0.11666029479630514 0.9531283738893244 0 0 0 0 0 0
0.15548092126846313 3.7612292766571045 -5.492330074310303 -0.5748528936504128 -0.7879842755192745 0.22051061696914134 0.16671212825874013 0.1510479132475645 0.9743672789020563 0 0 0 0 0 0
-0.09582342207431793 3.9713025093078613 -5.091305255889893 -0.07828602763901495 -0.9712322551418627 0.2248982090825877 -0.11673652040631712 0.23296930345419434 0.9654521678734235 0 0 0 0 0 0
-0.39663010835647583 3.9187803268432617 -4.619029521942139 0.5820589277859479 -0.8108600956017059 0.0609369341652916 0.05012053656916975 0.11057309967597702 0.9926034059190334 0 0 0 0 0 0
-0.4351286292076111 3.7299249172210693 -4.172293663024902 0.7900180203846194 -0.5962288366575065 -0.14276799993557204 -0.004158796144946531 -0.23807505017867098 0.971237857013949 0 0 0 0 0 0
-0.6133057475090027 3.2842512130737305 -3.886925458908081 0.9936982327167253 -0.11189175699919465 0.006637545577246552 -0.05324637758344364 -0.4191080365805385 0.9063736960811735 0 0 0 0 0 0
-0.5101816654205322 2.842149257659912 -3.549980401992798 0.790341688151821 0.5996563942859789 0.1255875183339016 0.14058043513578206 -0.37701425978575986 0.9154765912764946 0 0 0 0 0 0
-0.26376157999038696 2.537205219268799 -3.187896966934204 0.39320647535613146 0.9137819654315981 0.10193717373938632 0.3860845858085273 -0.26471238081250265 0.8836662537664515 0 0 0 0 0 0
0.12602867186069489 2.4067137241363525 -2.8998818397521973 -0.1762210362552651 0.9578446436331561 0.2268915711179961 0.3946367906754696 -0.14241730399289992 0.907732953554491 0 0 0 0 0 0
0.5396729707717896 2.4508936405181885 -2.477968454360962 -0.7857607904415499 0.6095809426572459 0.10483823040176818 0.23169083446837274 0.13291842881282623 0.963665942381113 0 0 0 0 0 0
0.725895345211029 2.789867639541626 -2.121641159057617 -0.9790227048424857 0.09243043346703309 0.18157961992470267 0.19845482575716747 0.2307090571366614 0.9525696893607339 0 0 0 0 0 0
0.7154756784439087 3.1517927646636963 -1.7457523345947266 -0.9280317179412123 -0.3447022422817366 0.14120019355873734 -0.04908756787207966 0.48892188912309315 0.8709453467449666 0 0 0 0 0 0
0.5000113248825073 3.5737369060516357 -1.4968738555908203 -0.38453987400665696 -0.848273399607082 0.3640897208353844 -0.11307438308859097 0.4347317438997844 0.893432982788853 0 0 0 0 0 0
0.27674242854118347 3.8247463703155518 -1.0698314905166626 0.19122760745553338 -0.9555178505862387 0.22453872574210115 0.1657826060434868 0.2569155877173123 0.9521084540751112 0 0 0 0 0 0
0.206618994474411 3.8611373901367188 -0.5821931958198547 0.5579869543237852 -0.82936750834983 -0.028285948774273338 -0.023654097238773455 -0.04996743703295021 0.9984707000809674 0 0 0 0 0 0
0.08391767740249634 3.6984355449676514 -0.15115581452846527 0.8300252573647405 -0.5445927099262168 -0.12031979235277822 -0.04955637197792339 -0.28689427418880575 0.956679591835252 0 0 0 0 0 0
0.04041721299290657 3.304656505584717 0.17391009628772736 0.9694780482828597 0.24249756175011034 0.036155863188540145 0.0649604639214432 -0.39625439004722984 0.9158398312452941 0 0 0 0 0 0
0.13829033076763153 2.9396793842315674 0.4825555682182312 0.7089590986216026 0.6737469578526999 0.20842752521170768 0.2189200158599294 -0.4911792238297738 0.8430996363027738 0 0 0 0 0 0
0.5796151161193848 2.6478729248046875 0.7411354780197144 0.17788221588632702 0.93311617143334 0.31249340453992935 0.3863775169295049 -0.3582839933472666 0.8499088154164105 0 0 0 0 0 0
1.0363435745239258 2.4413228034973145 1.0552396774291992 -0.2822811687164466 0.8657955065564434 0.41317730166932987 0.28518646015616506 -0.3354882908797916 0.8978397906231114 0 0 0 0 0 0
1.4373540878295898 2.574910879135132 1.445000410079956 -0.7820516040592981 0.5161616701886108 0.3492454993502176 0.30629427434989553 -0.16970647187016868 0.9366875310934009 0 0 0 0 0 0
1.623499870300293 2.81372332572937 1.9740532636642456 -0.9817576338016358 0.09474555318919278 0.16484910865117505 0.163662922690052 -0.020210763985404945 0.9863092683107447 0 0 0 0 0 0
1.4991029500961304 3.1403069496154785 2.404186487197876 -0.7488306496252433 -0.6626951513485272 0.009369875185349045 0.1271820519262904 -0.12980925789828388 0.9833485049725328 0 0 0 0 0 0
1.3242446184158325 3.2316505908966064 2.904102325439453 -0.29442762451262716 -0.9382892357651625 -0.18145435781782351 -0.016608300990478077 -0.18481825915701902 0.9826323704317801 0 0 0 0 0 0
1.0579863786697388 3.1757655143737793 3.3489816188812256 0.1538715510071055 -0.9495507808752858 -0.27327067228263346 -0.133187017658027 -0.29397207046625234 0.9464891125169613 0 0 0 0 0 0
0.7581973671913147 2.857703685760498 3.5737085342407227 0.8188428164867173 -0.5740160797403105 0.001407866352188925 -0.18475032704596867 -0.2612254689889027 0.9474326208274315 0 0 0 0 0 0
0.6952428221702576 2.472601890563965 3.9896645545959473 0.998234625655375 -0.0570506723852691 -0.01651826029162579 0.0029244910849299515 -0.23056366222390115 0.9730528480066214 0 0 0 0 0 0
0.7662038207054138 2.091481924057007 4.295143127441406 0.8195273894892376 0.5568151997948618 0.13539457579372777 0.09328113677313973 -0.3627506611670454 0.9272057955735513 0 0 0 0 0 0
1.019874930381775 1.7976245880126953 4.711075305938721 0.47186707434708297 0.875257311556074 0.10614189895963944 0.07587153946498619 -0.1602516875986158 0.9841559358765302 0 0 0 0 0 0
1.3170979022979736 1.6817456483840942 5.052577495574951 -0.25563820256521813 0.9384886555265304 0.2321382192514409 0.1606657882052448 -0.19553661934634345 0.9674460889346708 0 0 0 0 0 0
1.6606554985046387 1.7741835117340088 5.452672004699707 -0.6644765985589457 0.7349745719042493 0.13521548957756013 0.2922174712502714 0.08900903247887117 0.9522007885069579 0 0 0 0 0 0
1.914933204650879 2.151841163635254 5.728722095489502 -0.9406554343066788 0.16425650115616258 0.29696322286985155 0.3299555034988526 0.23805731838100594 0.9134867699513022 0 0 0 0 0 0
2.0312488079071045 2.4496703147888184 6.14027738571167 -0.9171830275274158 -0.30878958390821043 0.2518417893945281 0.148015161248863 0.3227820758917283 0.9348279218784064 0 0 0 0 0 0
1.7606292963027954 2.7760629653930664 6.417940616607666 -0.47801574720310686 -0.7520663946794638 0.45375883839291603 -0.014599292857386849 0.5233344611129837 0.8520022901727713 0 0 0 0 0 0
1.3498308658599854 2.97100567817688 6.838760852813721 0.08105705925012488 -0.8609020129423004 0.502272313847396 -0.1680836553934302 0.4849063826373185 0.8582620141117591 0 0 0 0 0 0
1.0538893938064575 2.960272789001465 7.366379737854004 0.63759967050744 -0.67795129597666 0.36585338655309874 -0.08250747031253465 0.41208004228948764 0.9074042958292187 0 0 0 0 0 0
0.9777925610542297 2.954174041748047 7.84222936630249 0.9583749850233494 -0.26425086778848494 0.10811506349499846 -0.03598645395977986 0.26385053262616004 0.9638920435216242 0 0 0 0 0 0
1.0253876447677612 2.9535815715789795 8.428385734558105 0.9440020181073672 0.18562373381005834 -0.2727710014932499 0.21056786046656592 0.2975291724567265 0.9312022163181037 0 0 0 0 0 0
1.2384471893310547 2.8167052268981934 8.898868560791016 0.6624423636710454 0.6131521659830365 -0.4303655843166706 0.2744670217551118 0.3358897646998299 0.9010249274791302 0 0 0 0 0 0
-3.501206874847412 -3.8888373374938965 -5.981417179107666 -0.5267580195155358 0.7320693005769383 0.4319728325124891 0.742941797300634 0.1496054601050138 0.6524229396108562 0 0 0 0 0 0
-3.2015771865844727 -3.495128631591797 -5.884899139404297 -0.6238158324628135 0.1171154481001738 0.7727469048692608 0.7473224828904769 0.37885575639103775 0.5458730826994382 0 0 0 0 0 0
-2.9287843704223633 -3.2015507221221924 -5.591606140136719 -0.7649281146499556 0.06907481483804598 0.6404011628449421 0.513987104672593 0.6646754891973838 0.5422395690933147 0 0 0 0 0 0
-2.858912467956543 -2.7573020458221436 -5.399109840393066 -0.34090908617291693 -0.5378940920844324 0.7710064465783739 0.479036810886138 0.6062789390904209 0.6347830982559575 0 0 0 0 0 0
-2.8420510292053223 -2.351691246032715 -5.103227615356445 0.10488156697678391 -0.7794085281245494 0.6176748361356628 0.3322236856633532 0.612877815431255 0.7169436561100673 0 0 0 0 0 0
-2.858877420425415 -2.0974185466766357 -4.615460395812988 0.3929183940165517 -0.8447408107184812 0.36335670951578275 0.3951589223019729 0.5118977424527182 0.7627647916605445 0 0 0 0 0 0
-2.7480950355529785 -1.981087327003479 -4.087075710296631 0.7067748306630602 -0.6963294464038586 -0.12487850420347797 0.4696189021565806 0.3297926988917183 0.8189596220174501 0 0 0 0 0 0
-3.850332260131836 -1.0536656379699707 -3.985337972640991 -0.4074582753182669 0.8967158566716726 0.1728537713451796 -0.5141282926561037 -0.0688119278575308 -0.8549485465658445 0 0 0 0 0 0
-4.343952655792236 -1.0809556245803833 -4.211578845977783 0.2581416013235175 0.9655453322756088 -0.03294123535804621 -0.3629646298843728 0.06532791284213388 -0.929510054413932 0 0 0 0 0 0
-4.769299030303955 -0.8945071697235107 -4.36395263671875 0.7272290770262516 0.525388586809611 -0.4417065795047047 -0.5342542014816241 0.029242262125013498 -0.8448179320451504 0 0 0 0 0 0
-5.043864727020264 -0.7033829092979431 -4.761196613311768 0.8993460325707165 0.26699122999233027 -0.3462548148495473 -0.4198489725932216 0.3062206644796991 -0.8543744757763002 0 0 0 0 0 0
-5.19815731048584 -0.21685047447681427 -5.042763710021973 0.8372183962598295 -0.33656005037123676 -0.43103676114483513 -0.31826056898202093 0.34110563837074276 -0.884509555461629 0 0 0 0 0 0
-5.1307878494262695 0.1615837812423706 -5.328484535217285 0.4465712332123801 -0.7596034973199801 -0.4728389371936589 -0.23672834063270304 0.40932283936111674 -0.8811438622147014 0 0 0 0 0 0
-5.008440017700195 0.420737087726593 -5.84846305847168 -0.07494969099488227 -0.9512260664880672 -0.2992515902270375 -0.255730764289343 0.3083946399813145 -0.916239336760207 0 0 0 0 0 0
-5.051267147064209 1.293574333190918 -5.483672618865967 -0.2901732194352358 0.9003250227726384 -0.3243676249135208 0.8163372838909374 0.40975679584458086 0.4070538136275713 0 0 0 0 0 0
-4.560397624969482 1.5059734582901 -5.608261585235596 -0.581086423027067 0.8076145937571213 0.10048500845463557 0.7366837211859104 0.4694955536001137 0.4866939696456109 0 0 0 0 0 0
-4.187657833099365 1.8484256267547607 -5.678143501281738 -0.7031995018800017 0.41403956274924225 0.5779980112717811 0.7057259108149616 0.30770221016177685 0.6381773175740035 0 0 0 0 0 0
-3.976151466369629 2.269031286239624 -5.4954094886779785 -0.5788238970860067 -0.21905035536728598 0.7854806413754788 0.7379019076075962 0.26928405328642013 0.61885933247767 0 0 0 0 0 0
-3.854283571243286 2.6115005016326904 -5.120829105377197 -0.28807455165071244 -0.757249144169388 0.5861627643803129 0.44828658041897523 0.43425666779485506 0.7813195814082547 0 0 0 0 0 0
-3.856498956680298 2.8574087619781494 -4.62486457824707 0.08163413232287331 -0.9593827004090579 0.27003833541872463 0.4505825397901659 0.2771987795003649 0.8486083970122802 0 0 0 0 0 0
-3.87674617767334 2.8098244667053223 -4.029321670532227 0.6275700600977239 -0.7098321282780042 -0.3198345968360179 0.4940676444010969 0.045606843564417514 0.8682264558144045 0 0 0 0 0 0
2.0325560569763184 3.540985345840454 8.362997055053711 -0.5396873180804623 -0.7010963161047015 0.4660488753849047 -0.02522409926149704 -0.539875727120212 -0.8413667120125854 0 0 0 0 0 0
2.183353900909424 3.1031925678253174 8.08858585357666 -0.9265211443525185 -0.1651173632628159 0.3380751771674978 -0.16332032984441722 -0.6329820685932005 -0.7567431338961617 0 0 0 0 0 0
2.076173782348633 2.5453169345855713 7.9618754386901855 -0.9638843465777146 0.2662757266033686 0.004919740267548176 -0.1528613459484633 -0.5380228295107679 -0.8289540661822291 0 0 0 0 0 0
1.845057487487793 2.161325216293335 7.717828273773193 -0.706966406916589 0.6852378809412853 -0.17506440533285167 -0.21617480812412093 -0.44504741800519176 -0.8690231573781056 0 0 0 0 0 0
1.5662997961044312 1.9044967889785767 7.270743370056152 -0.10421241482866583 0.9565228175104612 -0.2724038769500662 -0.3087543709063508 -0.2914774805836436 -0.9053792668041585 0 0 0 0 0 0
1.218574047088623 1.810597538948059 6.834720134735107 0.5329068538548728 0.7938723760782315 -0.29287699741428036 -0.2608760704716206 -0.17511874354259066 -0.9493561510388768 0 0 0 0 0 0
0.9592970609664917 2.0642356872558594 6.527268409729004 0.9057351530996204 0.1763407976575721 -0.3854189350837583 -0.41064152992352293 0.13989844473624835 -0.9010005322209569 0 0 0 0 0 0
-0.4735839366912842 1.8701151609420776 6.867841720581055 -0.6768387519994723 -0.7271425991375063 0.11468628650082248 0.033111305707635465 0.12556571013936588 0.9915325984916141 0 0 0 0 0 0
-0.7836494445800781 1.9994322061538696 7.274069786071777 0.019650733086323306 -0.9861802817592304 0.164506232582401 0.07682492913759792 0.16554091798932752 0.9832060489715542 0 0 0 0 0 0
-1.0126062631607056 1.952069640159607 7.756925582885742 0.6357986890813033 -0.7718129695339024 0.008047796080632849 0.0532531990627536 0.054265498816287894 0.9971054871114702 0 0 0 0 0 0
-1.1096234321594238 1.732437252998352 8.281621932983398 0.912078373086652 -0.32811762139437195 -0.24586961560572224 0.20780000564063963 -0.14702226890748596 0.9670592588363162 0 0 0 0 0 0
-0.9934817552566528 1.3188220262527466 8.674015045166016 0.9132025694007115 0.3346665282858158 -0.23250673556922574 0.2533485537826715 -0.01936980412622496 0.9671811210855702 0 0 0 0 0 0
-0.6600840091705322 0.9800079464912415 8.94865894317627 0.49566025523589424 0.8676666816370577 -0.03841146907402909 0.2775789752756769 -0.11635170278904104 0.9536310574551334 0 0 0 0 0 0
-0.2858049273490906 0.8867605328559875 9.34377670288086 -0.1027742374688969 0.9941338158288664 -0.03369588013725732 0.29151118231272277 0.062489946313456356 0.9545240893745847 0 0 0 0 0 0
-0.437563955783844 -0.7564128041267395 9.639735221862793 -0.6426041126459183 -0.681377981476268 -0.3504054805077662 0.47257334031821335 0.007514945502082882 -0.881259305547798 0 0 0 0 0 0
-0.18609024584293365 -0.9384536147117615 9.262904167175293 -0.9400938888876006 -0.024064303554178063 -0.34006527222084854 0.3395170158060413 0.02417725282686536 -0.940289134481467 0 0 0 0 0 0
-0.14353328943252563 -1.2592172622680664 8.804664611816406 -0.7572766020980936 0.6010575223854859 -0.255464288499561 0.21042290204283132 -0.1457514424467491 -0.9666843948883033 0 0 0 0 0 0
-0.3655254542827606 -1.5566238164901733 8.421914100646973 -0.23707346508674368 0.9339023723021433 -0.2676238613431049 0.08067988089947616 -0.2555990824604601 -0.9634105385885176 0 0 0 0 0 0
-0.676728367805481 -1.6642464399337769 8.02691650390625 0.4935177660247113 0.8511747419200185 -0.1787226156236756 0.033004679351230755 -0.22367101573124934 -0.9741057272507302 0 0 0 0 0 0
-0.845966100692749 -1.6842610836029053 7.445334434509277 0.5249387432277466 0.8483850890426342 -0.06842555479201723 -0.2615061469945936 0.08425697509392431 -0.9615171850945068 0 0 0 0 0 0
-1.1302202939987183 -1.3996608257293701 6.981319427490234 0.8856603027452258 0.45633007068913656 -0.08584110161270593 -0.11058292650542824 0.02773762160680847 -0.9934797636152901 0 0 0 0 0 0
0.9700032472610474 3.8230481147766113 0.596279501914978 -0.6382160729714732 -0.7686513076088997 -0.04307448794820502 -0.07279603016813713 0.11595435427779677 -0.9905833259831194 0 0 0 0 0 0
1.1701602935791016 3.5708351135253906 0.19957420229911804 -0.9690930220559506 -0.24512391040609985 -0.02780257451545237 0.057639502006896534 -0.11540184301976694 -0.9916451494541977 0 0 0 0 0 0
1.178696870803833 3.1835033893585205 -0.2779562771320343 -0.945193390497515 0.28500958315673974 0.15930785312919574 -0.2202363971182427 -0.19630576145801196 -0.9554893915699776 0 0 0 0 0 0
0.9462252855300903 2.954735279083252 -0.619889497756958 -0.6331330251449638 0.7733815238056244 0.03199361040703171 -0.38662661001045556 -0.28016555740289834 -0.8786507411235401 0 0 0 0 0 0
0.46062642335891724 2.6913599967956543 -0.7810181379318237 -0.18912207423630636 0.9536077116519557 -0.23423316015132803 -0.4095810496201084 -0.29340405391889024 -0.8638040431348138 0 0 0 0 0 0
0.03345006704330444 2.6399643421173096 -1.0466068983078003 0.3831790283487568 0.8438604858094924 -0.3755972746480866 -0.4587209793051089 -0.1790903061490545 -0.8703457504858628 0 0 0 0 0 0
-0.3568654954433441 2.7636771202087402 -1.4538419246673584 0.8705398712189637 0.39433009187449364 -0.2943876887037292 -0.20375704050664845 -0.25569853461042835 -0.9450403842387117 0 0 0 0 0 0
-1.6026643514633179 2.1762664318084717 -1.320485234260559 -0.8222263352028542 -0.569121077555184 0.006712136866167682 -0.09172524888156211 0.14413868672735017 0.9852971722816067 0 0 0 0 0 0
-1.93269944190979 2.3491523265838623 -0.8871845006942749 -0.10745886172263765 -0.9906622722808123 -0.08390980465173774 -0.025680506414243208 -0.08160458476625637 0.996333881455125 0 0 0 0 0 0
-2.0737106800079346 2.2888174057006836 -0.31623685359954834 0.2208662755051111 -0.8966538260810394 -0.3837056222141313 -0.021990137994127967 -0.3978997839822266 0.9171653044778224 0 0 0 0 0 0
-2.291050672531128 1.926954984664917 -0.026591831818223 0.8963123766944123 -0.4080149874965019 -0.17363148724423016 0.045576048678945554 -0.30472812955895673 0.9513483015396172 0 0 0 0 0 0
-2.297899007797241 1.527068853378296 0.4292406439781189 0.9680974634170916 0.08984255264601711 -0.2339136957500362 0.2504364143877886 -0.3778426593791714 0.8913565656356962 0 0 0 0 0 0
-2.085141658782959 1.094838261604309 0.6565423011779785 0.7478806579652362 0.6626669319689422 0.039332667292655575 0.2926892178496689 -0.3823477953564157 0.876437781671145 0 0 0 0 0 0
-1.6446908712387085 0.8822171688079834 0.9481958746910095 0.0937465999821104 0.9845503025295829 0.1478927881294466 0.3117049352271123 -0.17010375604396205 0.9348287252405106 0 0 0 0 0 0
-1.861660361289978 -0.6007183790206909 1.2014131546020508 -0.5765738397020871 -0.7777859804496758 0.2502230524694484 -0.3697162222591933 -0.024739835069964425 -0.92881529679431 0 0 0 0 0 0
-1.8480335474014282 -0.9828920364379883 0.7085685133934021 -0.8850709744923099 -0.12996580644985034 0.4469432394220466 -0.4544494804401605 0.03370408152892123 -0.8901346553280354 0 0 0 0 0 0
-2.150402307510376 -1.2870627641677856 0.30460792779922485 -0.6614065214607164 0.5851704840588176 0.46916619438702545 -0.41124079438800193 0.24018168787830313 -0.8793143725875602 0 0 0 0 0 0
-2.574247360229492 -1.336887001991272 -0.04653829336166382 -0.3143352796719908 0.8221991936951151 0.4745332631551068 -0.46248145456958967 0.3039076999184291 -0.8329171712178148 0 0 0 0 0 0
-2.9799466133117676 -1.3334201574325562 -0.24298113584518433 0.1676765997405832 0.9768589171422093 0.13278258130939727 -0.7007500174485973 0.2128387257772148 -0.6809178290038542 0 0 0 0 0 0
-3.4356486797332764 -1.1127033233642578 -0.32017412781715393 0.5488316057185658 0.8095364680557915 -0.2084096337795712 -0.6547748113713692 0.2613287439437837 -0.7092088789505897 0 0 0 0 0 0
-3.7887580394744873 -0.7972531318664551 -0.5764123797416687 0.8797150539001662 0.14381006422160092 -0.4532329305886836 -0.4710716411596549 0.3933822485011074 -0.7895200538677675 0 0 0 0 0 0
-3.9150469303131104 -0.408733069896698 -0.9428130388259888 0.778842711902536 -0.4544909645486969 -0.4322522333775714 -0.3807785909098532 0.20500964462429255 -0.9016533204706386 0 0 0 0 0 0
-3.8498528003692627 -0.12077885866165161 -1.4285160303115845 0.4191469753277976 -0.8814811625315626 -0.21750120269911916 -0.13073400448721434 0.17846691217949326 -0.9752221189697525 0 0 0 0 0 0
-3.705991744995117 -0.017873121425509453 -1.893175482749939 -0.17938108325409532 -0.9810187276218937 -0.07365244752014832 -0.12104135672955305 0.09630656106526032 -0.9879645926129401 0 0 0 0 0 0
-3.539264440536499 -0.023423977196216583 -2.345630645751953 -0.5724997924417079 -0.8190640831767153 -0.03712162852149723 -0.031066356517190547 0.06691290472037346 -0.9972750596874612 0 0 0 0 0 0
-3.3617310523986816 -0.3173482418060303 -2.7233645915985107 -0.9856412762251678 -0.16865634651940226 -0.00814317996543867 0.012959694506125993 -0.0274771076470531 -0.9995384209092015 0 0 0 0 0 0
-3.361732244491577 -0.5995992422103882 -3.1803548336029053 -0.9526234723931555 0.225260020907883 0.2043683997740041 -0.24084639295762034 -0.1483339255117172 -0.9591611238689712 0 0 0 0 0 0
-3.555521249771118 -0.9185582399368286 -3.4818308353424072 -0.6195246236234642 0.7849562673948848 -0.005735765135953653 -0.22734980862979395 -0.18641938886081255 -0.9558032621689242 0 0 0 0 0 0
-2.736018180847168 -2.0867249965667725 -3.5777335166931152 0.8442444264280051 -0.36373832722391114 -0.3936315253553755 0.438109340743466 0.04529909917788535 0.897779592754813 0 0 0 0 0 0
-2.6311426162719727 -2.5336599349975586 -3.413522243499756 0.9305132004360707 0.34824037786349593 -0.11346287075387526 0.21602772334096104 -0.2716736783646172 0.937830173982454 0 0 0 0 0 0
-2.3877270221710205 -2.8033900260925293 -3.098301410675049 0.597568141835599 0.8016901745432031 -0.014324102207045285 0.31625902357014546 -0.21924342337280478 0.9229910895118281 0 0 0 0 0 0
-1.9654135704040527 -2.974731683731079 -2.833527088165283 0.1760050612211696 0.982439646024663 0.06192382694461811 0.5291383966712115 -0.14746558226215875 0.835623395565432 0 0 0 0 0 0
-1.5434943437576294 -2.9204154014587402 -2.66389799118042 -0.3684007586056596 0.8318654127670347 0.41506724286638835 0.6690088626759538 -0.07279311101420154 0.7396812182622329 0 0 0 0 0 0
-1.0803818702697754 -2.635983467102051 -2.2941176891326904 -0.8782604522998587 0.2819428974434857 0.38622115491932796 0.3520583768693963 -0.1653235142968981 0.9212616538728883 0 0 0 0 0 0
-0.9029505252838135 -2.529209613800049 -1.8098465204238892 -0.9686247104472725 -0.20702193155921814 0.13750669134419619 0.19689402972740402 -0.30160609518277626 0.9328807557272807 0 0 0 0 0 0
0.32977962493896484 -1.8438973426818848 -2.0885097980499268 0.9884527180144258 -0.09548284570701693 -0.11766159282273862 -0.10662759378515314 0.11343074859132594 -0.9878076844799294 0 0 0 0 0 0
0.3887852132320404 -1.4640167951583862 -2.475054979324341 0.7893629392984826 -0.5993681596188061 -0.13290582868040587 0.015222113346917024 0.235526111826421 -0.9717488039165173 0 0 0 0 0 0
0.6030682325363159 -1.213051199913025 -2.8581860065460205 0.3446631962174374 -0.9305089412839225 -0.1239370459703396 0.16739786418516808 0.19083448612920348 -0.9672435856443024 0 0 0 0 0 0
0.988964855670929 -1.1503691673278809 -3.2389893531799316 -0.320367644377112 -0.9459381140142445 -0.050652313781647244 0.19962393825561514 -0.015144929360676372 -0.9797555380756869 0 0 0 0 0 0
1.3402743339538574 -1.3246910572052002 -3.6032016277313232 -0.8413745372774012 -0.5336465870689373 -0.08549975515119325 0.17790135107118368 -0.12408464232131906 -0.9761936850989346 0 0 0 0 0 0
1.4681657552719116 -1.7092350721359253 -3.92116641998291 -0.9231055384256666 0.2386189432914336 -0.3015578963156823 0.276392841125982 -0.13351948682070114 -0.9517245105667105 0 0 0 0 0 0
1.4509503841400146 -2.007854461669922 -4.430864334106445 -0.7054005343160528 0.707087938548908 -0.04936327932059579 0.15635809563633196 0.08730141820358713 -0.9838346447999391 0 0 0 0 0 0
-3.7039272785186768 2.542781352996826 -3.5461342334747314 0.6891636543734068 -0.4158224337293943 -0.5934182008483185 0.6159091499962421 -0.09526283815938776 0.7820363870157994 0 0 0 0 0 0
-3.5081722736358643 2.2414119243621826 -3.23066782951355 0.79459819967917 0.1888691172846135 -0.5770114016228387 0.6030181588719364 -0.13501221572218416 0.7862193088931909 0 0 0 0 0 0
-3.213477849960327 1.9005454778671265 -2.978785991668701 0.6709718604795206 0.6212288604029037 -0.40481040679206864 0.5929124121931413 -0.12167817660980727 0.796020912290766 0 0 0 0 0 0
-2.7322421073913574 1.6856187582015991 -2.8576555252075195 0.08890043262297055 0.9893294160276249 0.11542971741231689 0.5525857628555837 -0.1454068578033314 0.8206740037268602 0 0 0 0 0 0
-2.2378408908843994 1.697895884513855 -2.6638379096984863 -0.36811548323781773 0.8341543115466337 0.4107037564093487 0.4178409654542958 -0.24618768378146472 0.8745287599287629 0 0 0 0 0 0
-1.8086369037628174 1.855571985244751 -2.2447524070739746 -0.844200122293161 0.42058729229300823 0.3323138322156445 0.3028485613326649 -0.13728435638199563 0.9430990162180833 0 0 0 0 0 0
-1.6275454759597778 2.0647995471954346 -1.8024566173553467 -0.9612481083589153 -0.18869746257079545 0.2009859243722068 0.2369829520001915 -0.19308116196504177 0.9521337854290773 0 0 0 0 0 0
-0.5145989656448364 2.8828933238983154 -1.9996181726455688 0.9991474593430157 0.03555632529594474 0.020978613391871778 0.023029595291274192 -0.05829039252950755 -0.9980340013644204 0 0 0 0 0 0
-0.41545212268829346 3.2707602977752686 -2.352539300918579 0.8536930577271671 -0.5170326265313039 -0.06233318771393803 0.041785824482054784 0.1873126585866154 -0.9814111843695125 0 0 0 0 0 0
-0.11600680649280548 3.5740528106689453 -2.6005306243896484 0.24783333911371036 -0.9341881198008579 -0.25665383855825513 -0.05242723477831408 0.2515979618752152 -0.9664108084214175 0 0 0 0 0 0
0.15840543806552887 3.647214651107788 -3.029576539993286 -0.2892249531221556 -0.95276523235374 -0.09266789362778657 0.11143335479778414 0.06263697836093059 -0.9917959550130883 0 0 0 0 0 0
0.46871519088745117 3.5268564224243164 -3.437699794769287 -0.7883729237615296 -0.6045841608317107 -0.11378104214285165 0.22058511363519673 -0.10514954587696845 -0.9696833403974799 0 0 0 0 0 0
0.6036081910133362 3.2007782459259033 -3.8681952953338623 -0.9992515596237895 0.037658414434105524 -0.008841063948039556 0.0013868735094230325 -0.19353103618392523 -0.9810931732590158 0 0 0 0 0 0
0.4991476535797119 2.9516162872314453 -4.291139602661133 -0.6830882892415573 0.729378686225311 -0.03737808423771732 -0.09913051598866773 -0.1433016430739214 -0.9847018736105537 0 0 0 0 0 0
1.159745693206787 1.8683866262435913 -4.771401882171631 0.9615221293645033 -0.2736170362964385 0.02467614618826344 -0.0762535668165062 -0.1795108276314636 0.9807962358771714 0 0 0 0 0 0
1.1706072092056274 1.436715006828308 -4.373594284057617 0.8981041024759804 0.43323896362302566 0.07558453224476651 0.058986769338258804 -0.28898242356191756 0.9555154210766645 0 0 0 0 0 0
1.4985748529434204 1.095909833908081 -4.1833930015563965 0.485643913920696 0.7844323363567437 0.38576663742434814 0.036687228993048965 -0.45920246908556583 0.887573737564678 0 0 0 0 0 0
1.6937047243118286 0.8393104076385498 -3.7567594051361084 0.026781903905473806 0.9682552621137311 0.2485246004166749 0.21134109090090558 -0.248478476556881 0.9453006876041014 0 0 0 0 0 0
2.078413724899292 0.9047576189041138 -3.5238442420959473 -0.4996133707253349 0.6811126604570641 0.5352308133483806 0.3946437557269721 -0.3710601062208797 0.8405776011987589 0 0 0 0 0 0
2.4090373516082764 0.9750537276268005 -3.0401155948638916 -0.8935367417288894 0.32419428262859024 0.3106286501458835 0.25787402661997944 -0.19579524171676005 0.9461317084401483 0 0 0 0 0 0
2.470634698867798 1.0908173322677612 -2.4919586181640625 -0.9781958156278808 -0.2048404303178583 0.03425411501264891 0.10665500437079692 -0.35394243049360147 0.9291660055872404 0 0 0 0 0 0
2.5056698322296143 1.2563915252685547 -1.9401799440383911 -0.7719523816255263 -0.6103067601271461 -0.17780657762238092 -0.025859069923499355 -0.24933006132065852 0.9680732560217374 0 0 0 0 0 0
2.2664496898651123 1.2999881505966187 -1.4899824857711792 -0.40916920146627633 -0.8572421136429877 -0.31259642219378114 -0.3731592562146875 -0.1554206075781684 0.9146565498816123 0 0 0 0 0 0
1.7710150480270386 1.2222247123718262 -1.2439370155334473 0.3081113307853106 -0.9508155415285946 0.03189378982483215 -0.20517686074146596 -0.03367693532102056 0.9781453469927978 0 0 0 0 0 0
1.4477458000183105 1.0222699642181396 -0.7937200665473938 0.7499300488119918 -0.6593641577785636 -0.05332756628432488 -0.028790944563874467 -0.1130703270293062 0.9931697652751044 0 0 0 0 0 0
1.29696786403656 0.6431416273117065 -0.37761959433555603 0.9832985333987223 -0.15942258020538003 -0.08779769436938961 0.036975561799935094 -0.29735681025958394 0.9540501743733528 0 0 0 0 0 0
1.38242506980896 0.23963192105293274 -0.047175027430057526 0.8921582986730128 0.4517179336290396 -0.00211625773150046 0.17540771534860577 -0.34211137104192063 0.9231424284475284 0 0 0 0 0 0
1.717057228088379 -0.09115161746740341 0.25020918250083923 0.33216850226555 0.928435913737905 0.16634554452801703 0.27185334787820636 -0.2631118243160674 0.9256716076192907 0 0 0 0 0 0
1.9040842056274414 -1.3371529579162598 0.4286254048347473 -0.35907001378798603 -0.9256522596265608 0.11931730572945984 0.17758325647917503 -0.1932680576529161 -0.9649412650049333 0 0 0 0 0 0
2.0839197635650635 -1.5960453748703003 -0.002009947784245014 -0.8617814810280514 -0.44998378002273104 0.23419495441523192 -0.1540942532537461 -0.20764050424627487 -0.9659919161724507 0 0 0 0 0 0
1.998022198677063 -1.9535001516342163 -0.39452677965164185 -0.9237061050779616 0.27314332912091843 0.26862567486828864 -0.32727321953057437 -0.19811377476606853 -0.9239281205949044 0 0 0 0 0 0
1.6516005992889404 -2.131953239440918 -0.8427920341491699 -0.6151257738773678 0.6820082298714603 0.39558192160330946 -0.5020925258735411 0.047987139632081725 -0.8634815168212107 0 0 0 0 0 0
1.2422282695770264 -2.34516978263855 -0.9888814687728882 -0.16483633780021814 0.9857397833777707 -0.03385352576849071 -0.6276416556331944 -0.13130809523768947 -0.7673487709243253 0 0 0 0 0 0
0.7850772738456726 -2.3021013736724854 -1.218097448348999 0.4881816480538867 0.8255039376640659 -0.28323475670283293 -0.4046033980897685 -0.07348061691119463 -0.9115353471986497 0 0 0 0 0 0
0.431560754776001 -2.2279350757598877 -1.6651095151901245 0.8983849937323583 0.4142604890583902 -0.145920013163424 -0.15768433933543932 -0.005867571353383723 -0.9874721366877949 0 0 0 0 0 0
-0.902001142501831 -2.3841986656188965 -1.282385230064392 -0.7200835481482419 -0.687205781985013 -0.09606194299828145 0.15526005892129374 -0.2945002751218178 0.9429548780598838 0 0 0 0 0 0
-1.1172051429748535 -2.4101760387420654 -0.848373293876648 -0.2346590191755105 -0.9269642505401667 -0.2926985188553136 -0.14417314765971748 -0.26458780628689593 0.9535236736747428 0 0 0 0 0 0
-1.401878833770752 -2.645021915435791 -0.39988964796066284 0.5060975625543583 -0.74697744791107 -0.4311495674227239 0.06345089878028644 -0.4662960020861077 0.8823502829843071 0 0 0 0 0 0
-1.5827206373214722 -3.0451736450195312 -0.09474191069602966 0.8827480060278787 -0.3833142048576415 -0.2717097315300982 0.1544937162400042 -0.30933294746400775 0.93832021147132 0 0 0 0 0 0
-1.5173883438110352 -3.59421443939209 0.22122231125831604 0.9431392479898497 0.3005223361266995 -0.14203761610957738 0.22880077448440125 -0.27697024592993524 0.9332404237198737 0 0 0 0 0 0
-1.229522943496704 -3.858773946762085 0.6146036386489868 0.7030463649832713 0.7071282723305559 -0.07546797436404512 0.39031856289573424 -0.29498627275733863 0.8721436340097551 0 0 0 0 0 0
-0.8067985773086548 -4.142908573150635 0.8505465984344482 0.2432222484845561 0.9554476443545692 0.16722062294891057 0.5636815211849752 -0.2795268066783143 0.7772566545374936 0 0 0 0 0 0
4.4266252517700195 1.1741855144500732 5.620416164398193 -0.7690145735164564 -0.5964418848236742 0.2299427401491192 0.16743572813362922 0.15921169954004294 0.9729423989496668 0 0 0 0 0 0
4.209300994873047 1.437181830406189 6.027373313903809 -0.2935716039469767 -0.9419347693932673 0.16301718794057313 0.06342328090626485 0.15096334131326658 0.9865026898182384 0 0 0 0 0 0
3.9080677032470703 1.4730634689331055 6.494990825653076 0.46882091520145674 -0.8825071675504663 -0.037256525491808856 0.17605920576095074 0.05203010467414576 0.9830035728696112 0 0 0 0 0 0
3.7343924045562744 1.2638139724731445 6.970929145812988 0.8299440861792252 -0.5415827351140339 -0.13371968756519342 0.23300835739098597 0.11875970578674884 0.965195958169842 0 0 0 0 0 0
3.6836981773376465 0.9329820871353149 7.411965370178223 0.9657762335282708 0.1291765826657392 -0.22492149128695643 0.19603301014790325 0.2043151656176019 0.9590757905562021 0 0 0 0 0 0
3.927534580230713 0.7330406308174133 7.8232574462890625 0.650924782834552 0.696056698279765 -0.3029884484129111 0.2768809788946005 0.15394379976875286 0.9484926093750684 0 0 0 0 0 0
4.291242599487305 0.7101750373840332 8.194250106811523 -0.06983730011166538 0.9498294218395378 -0.30487181063699936 0.4148468232042197 0.30559058740830597 0.8570393842553641 0 0 0 0 0 0
4.167115211486816 -0.7375102639198303 8.375307083129883 -0.38797040051907244 -0.9023956615496211 0.18751276846522272 0.0894599666718613 -0.2393577658038112 -0.966801310669611 0 0 0 0 0 0
4.331613540649414 -1.027282476425171 8.024262428283691 -0.945165607383014 -0.316100359859157 0.08211295340693528 -0.01586278001591633 -0.20669464456523393 -0.9782769015561078 0 0 0 0 0 0
4.312202453613281 -1.3775476217269897 7.511319160461426 -0.9767641140080301 0.02375722938986723 0.2129963840956587 -0.20636494705334094 -0.3724709223529037 -0.9048087757251525 0 0 0 0 0 0
4.124324321746826 -1.7592509984970093 7.233956336975098 -0.7994988314226726 0.5998853408173085 0.030646311789228314 -0.255742366024623 -0.2937890712762071 -0.9210232482509829 0 0 0 0 0 0
3.713221311569214 -1.965885043144226 6.9477009773254395 -0.2706644088345244 0.9261087883356021 -0.26279895349453086 -0.4562836089169807 -0.3637923743076324 -0.8120716573242237 0 0 0 0 0 0
3.2203867435455322 -2.0461368560791016 6.724301338195801 0.4172899988193744 0.7778931812885146 -0.46984173440655586 -0.467999662249327 -0.2592324301181132 -0.8448519771590605 0 0 0 0 0 0
2.8386425971984863 -1.9591196775436401 6.458137512207031 0.795218044948883 0.23869982190732644 -0.5573604363507394 -0.48970771311751515 -0.2891707516989845 -0.8225367056095783 0 0 0 0 0 0
1.5028042793273926 -2.63274884223938 6.5579514503479 -0.4561726836826018 -0.8898003661662234 -0.012719710384576928 -0.10478180520093723 0.039513238886027674 0.9937099563009161 0 0 0 0 0 0
1.1115565299987793 -2.5628998279571533 7.051785945892334 0.09650038649027796 -0.9903160572733423 -0.09980872764347475 0.016768295501584412 -0.09864495320144537 0.9949814055920123 0 0 0 0 0 0
0.8056834936141968 -2.718916177749634 7.4732985496521 0.6878657192795926 -0.7157656790481632 -0.12049997899041516 -0.038673115738618286 -0.2019205209060209 0.9786380808838928 0 0 0 0 0 0
0.7987779378890991 -3.076345443725586 7.954757213592529 0.9330186695136227 -0.2474351502131921 -0.2612508541191866 0.1762710699535223 -0.31866029818919306 0.931334593073518 0 0 0 0 0 0
0.9770765900611877 -3.5479931831359863 8.277820587158203 0.9019667782407402 0.397360276740497 -0.16899923496493935 0.29563644037740494 -0.28300876179395557 0.9124171939791738 0 0 0 0 0 0
1.268370509147644 -3.9364328384399414 8.521552085876465 0.6019836187279822 0.7962011181654663 0.06065890054414317 0.3154716540750482 -0.30692752716541916 0.8979271287489169 0 0 0 0 0 0
1.5866193771362305 -4.043513774871826 8.908939361572266 -0.18419205194366697 0.9734843798959154 0.1356519446946719 0.31697462932361 -0.07180745408190822 0.9457117816245258 0 0 0 0 0 0
1.3134790658950806 -2.087815046310425 -4.91149377822876 -0.30179363387109875 0.9497319724807598 0.083245318202782 -0.10938897674630492 0.05224473311319066 -0.9926250750551932 0 0 0 0 0 0
1.0487427711486816 -2.018568277359009 -5.387966156005859 0.18647453051301008 0.9456888984894659 0.26627008232945176 -0.20414611316230427 0.3024058047336514 -0.931061272819419 0 0 0 0 0 0
0.7201683521270752 -1.8638346195220947 -5.709587574005127 0.7090699415012428 0.7015643341377028 0.07090347752646378 -0.23948608141505157 0.33417655744367664 -0.9115769003564957 0 0 0 0 0 0
0.4541434347629547 -1.5170649290084839 -5.9591546058654785 0.9750852233299828 0.15508140859417124 -0.15861451368637436 -0.21302127972210536 0.4551103758655289 -0.8645787877140485 0 0 0 0 0 0
0.4546615183353424 -1.047534465789795 -6.296932220458984 0.8939467942059288 -0.4124044378076833 -0.1754471681318096 -0.039008698301972025 0.31838753961429034 -0.947157693351611 0 0 0 0 0 0
0.6679835319519043 -0.7427408695220947 -6.669872283935547 0.5403601942934018 -0.8348357792771598 -0.10516692475248351 0.20478034083677138 0.2517041221990132 -0.9458911390190735 0 0 0 0 0 0
1.148193597793579 -0.6584457159042358 -7.046082496643066 -0.2839915307437178 -0.9406580009503488 -0.1857722684200565 0.10697234780390431 0.16145660125467604 -0.9810650756787795 0 0 0 0 0 0
1.6201127767562866 0.6403064727783203 -7.537847995758057 -0.36744303396884 0.9290650473394414 -0.04270543993375079 0.22126133039488516 0.13192303501436262 0.9662503487732798 0 0 0 0 0 0
1.9915920495986938 0.9561049342155457 -7.122559070587158 -0.8303101964154261 0.5552709999725031 0.0475299307606615 0.18901499596700577 0.20035207762745968 0.9613180411757356 0 0 0 0 0 0
2.1627919673919678 1.4024378061294556 -6.828242778778076 -0.9730685970615676 -0.10386033130695568 0.20579246097328685 0.14974604119335913 0.39392019645401155 0.906864379040521 0 0 0 0 0 0
2.103879928588867 1.7834933996200562 -6.415976047515869 -0.7865660804744421 -0.5901852552627875 0.18164571428324935 -0.06381659045278443 0.3702768098302495 0.9267267811415157 0 0 0 0 0 0
1.8191391229629517 2.0767593383789062 -6.134092330932617 -0.24141623040544138 -0.9094865774960057 0.3384558598272877 -0.09139394803198139 0.3685305517414274 0.9251120898011693 0 0 0 0 0 0
1.669991135597229 2.271707057952881 -5.58103084564209 -0.05317351546326918 -0.9966499579845011 0.06214047395031571 -0.10618569844347983 0.06751899634118637 0.9920513003767241 0 0 0 0 0 0
1.348162055015564 2.1378352642059326 -5.241941928863525 0.6967156636080627 -0.6999504019181113 0.15702458068038713 -0.15500461114275044 0.06682938575670325 0.9856507513941571 0 0 0 0 0 0
0.2514660656452179 2.9539401531219482 -4.748541831970215 -0.4848335549935121 0.7847143127776134 0.3862122101569437 -0.5538917393651464 0.06625454339338839 -0.8299483577565452 0 0 0 0 0 0
-0.15125079452991486 2.784824848175049 -4.866805553436279 0.016847749834747232 0.9901648316241196 -0.13888757878329044 -0.38806945459797354 -0.12154229369004044 -0.9135806309530623 0 0 0 0 0 0
-0.5321001410484314 2.845478057861328 -5.304378509521484 0.5629939846157677 0.8152817320210143 -0.13547498189435572 -0.25766548973801773 0.017398630545330012 -0.9660775243494771 0 0 0 0 0 0
-0.8669487833976746 3.069366216659546 -5.536390781402588 0.8758204515017739 0.3666896320880486 -0.31381085139038845 -0.39997548072755196 0.18756501599211195 -0.8971281845938421 0 0 0 0 0 0
-1.0758014917373657 3.438303232192993 -5.887415885925293 0.9389824855373433 -0.01574588093130431 -0.3436043641862108 -0.32412038791743053 0.29389620940528294 -0.8992057563391487 0 0 0 0 0 0
-1.115308165550232 3.7736358642578125 -6.301909923553467 0.5817618875573674 -0.7482048322340273 -0.31897121375970566 -0.26293537182601606 0.19810694678116056 -0.9442555945715975 0 0 0 0 0 0
-1.0728591680526733 3.8699562549591064 -6.84600305557251 0.02335797284796257 -0.9901067271949625 0.13835849763463712 -0.21560436876133257 -0.1401284692821873 -0.9663740312465243 0 0 0 0 0 0
-1.1789571046829224 -1.1006665229797363 6.517008304595947 0.9872218287146737 -0.1482900651262257 0.05833624511498259 0.041649286133829275 -0.11324392756019667 -0.9926938852613547 0 0 0 0 0 0
-1.043107271194458 -0.8393396735191345 6.138521194458008 0.624478119645788 -0.7809529704353303 -0.01181253791082806 -0.02751924242785999 -0.006885665224326476 -0.9995975584757174 0 0 0 0 0 0
-0.7268516421318054 -0.7234397530555725 5.681935787200928 -0.1258477547510109 -0.9844091468776222 0.12288602104308498 0.011602251807500389 -0.12532285974639423 -0.9920481684767032 0 0 0 0 0 0
-0.3840193748474121 -0.9846281409263611 5.298654556274414 -0.7054322420659572 -0.6976680286988391 0.12499869433427034 0.07554177534746509 -0.24936047260193725 -0.9654598877639049 0 0 0 0 0 0
-0.2982925772666931 -1.3000503778457642 4.851982116699219 -0.9710752862566628 0.0343428510403711 0.23629083140054144 -0.23800866845936897 -0.21836695389955502 -0.9463972459717049 0 0 0 0 0 0
-0.4308258593082428 -1.705810546875 4.519289493560791 -0.8846311678972415 0.40873099684561814 0.2244251968972064 -0.3577836703759009 -0.2863312101460637 -0.8888224138199035 0 0 0 0 0 0
-0.7410112023353577 -1.9716193675994873 4.259329795837402 -0.3841470124036724 0.9231802128804728 -0.013014123377994184 -0.3398986872196183 -0.15451375004376453 -0.9276822642876132 0 0 0 0 0 0
-0.05656635761260986 -3.289675235748291 4.0947089195251465 0.8959550952902551 -0.24612635965339508 -0.36971107950289717 0.38107907914672373 -0.0015575666879825143 0.9245411345217137 0 0 0 0 0 0
0.17582286894321442 -3.5496184825897217 4.430400848388672 0.8378556698036801 0.37402467729626626 -0.39762220429856615 0.48912991853878085 -0.190960432290966 0.8510499609831923 0 0 0 0 0 0
0.4948020279407501 -3.841732978820801 4.794806003570557 0.45932675724077326 0.7818785469539596 -0.42152682939030184 0.5075494062242967 0.1584305234754936 0.8469317383783921 0 0 0 0 0 0
1.008548378944397 -3.9128260612487793 5.010818004608154 -0.21706972570340985 0.9756449968820345 0.03158439871362653 0.4866123688367047 0.08010326465703284 0.8699378538070501 0 0 0 0 0 0
1.4239249229431152 -3.678062677383423 5.265461444854736 -0.7831514569286754 0.6041015744011866 0.14742823107024147 0.4179551802830011 0.33583047747063643 0.844115725286793 0 0 0 0 0 0
1.7397410869598389 -3.2143216133117676 5.609508991241455 -0.9601195731381459 0.1026765577179161 0.26005370555372587 0.27729199403217725 0.2306958538284004 0.9326781722931251 0 0 0 0 0 0
1.7242237329483032 -2.855219602584839 6.0114359855651855 -0.759828067403953 -0.6285902367076488 0.16593861003695173 0.13398187642005097 0.09835865951986547 0.9860904780436821 0 0 0 0 0 0
2.622560501098633 -1.854926586151123 5.9771833419799805 0.9335858333372541 0.09739384677808827 -0.34486509014649636 -0.35773625000951936 0.1968173334940576 -0.9128459413643771 0 0 0 0 0 0
2.5890183448791504 -1.5347460508346558 5.56901216506958 0.7748969725612561 -0.49484249421311954 -0.3932754605061682 -0.2703440394637148 0.3029442248489809 -0.9138593419980405 0 0 0 0 0 0
2.598109245300293 -1.3406888246536255 5.112643241882324 0.5339541563946553 -0.838436711453639 -0.10916427875307629 -0.08611927734749963 0.0745081898939098 -0.9934948413091423 0 0 0 0 0 0
2.9067602157592773 -1.2628366947174072 4.71256685256958 -0.09703570821375096 -0.9856861014485737 -0.13786580701017828 -0.03744546319322242 0.142037003867337 -0.9891528328921851 0 0 0 0 0 0
3.181790590286255 -1.3593086004257202 4.195255279541016 -0.6720078666171053 -0.7379292371806699 0.062176105689257716 -0.13393434480270902 0.038534346992531394 -0.9902407259773395 0 0 0 0 0 0
3.251483201980591 -1.606093406677246 3.7228457927703857 -0.963236352508355 -0.17785913428831696 0.2013500870538931 -0.20832548892145755 0.021257421848855165 -0.9778285190573937 0 0 0 0 0 0
3.110327959060669 -1.9417829513549805 3.33003568649292 -0.873002013665002 0.43272593805942994 0.22497943609903132 -0.2894837028249598 -0.08849894578117154 -0.9530829567222213 0 0 0 0 0 0
2.8353214263916016 -2.2477738857269287 2.9616801738739014 -0.43879723727583536 0.8843923713883601 0.15908211083955082 -0.40275892690203574 -0.03531133493859649 -0.9146247079680142 0 0 0 0 0 0
2.3737986087799072 -2.3593547344207764 2.7896008491516113 -0.009472923696108387 0.9761814192366476 -0.2167489341467961 -0.42617646994830216 -0.20002794369814794 -0.8822485127231979 0 0 0 0 0 0
2.005615711212158 -2.251880407333374 2.536524772644043 0.5543672200757731 0.7300790546547318 -0.39957672512286335 -0.5270892947707391 -0.06357093371459135 -0.8474288239874427 0 0 0 0 0 0
1.6334959268569946 -2.0974631309509277 2.0404937267303467 0.9318888770130963 0.28968379095156166 -0.21832641195971259 -0.25095017535548675 0.08024298522381688 -0.9646683745264073 0 0 0 0 0 0
1.513350486755371 -1.8081393241882324 1.7124817371368408 0.9418269075954796 -0.1462949568793104 -0.3025886014390114 -0.26645932298334674 0.22370174404443094 -0.937527044360181 0 0 0 0 0 0
1.68214750289917 -1.4460976123809814 1.3562160730361938 0.5232235104652947 -0.7601596123113339 -0.3852200954091781 -0.38362111256023584 0.19354719979439292 -0.9029807990482391 0 0 0 0 0 0
1.677874207496643 -1.3013999462127686 0.841309666633606 0.18439260356263865 -0.9787618572683012 -0.08958010107215195 -0.18140616744041288 0.05568516177024335 -0.981830415689595 0 0 0 0 0 0
2.093876600265503 -0.12343999743461609 0.7230501770973206 -0.20196612244193018 0.977939844141947 -0.05332304028649979 0.4372715032137325 0.13875577244490148 0.8885608972323854 0 0 0 0 0 0
2.4938173294067383 0.08910845965147018 0.9573279619216919 -0.72022260652038 0.6455521107908849 0.25405091873564073 0.5334271830694652 0.28118491807464646 0.7977408615646622 0 0 0 0 0 0
2.759451389312744 0.47565776109695435 1.0991837978363037 -0.8443859586582504 0.16009795432062046 0.5112543377255001 0.5051990778819941 0.5555337716729097 0.660421168829448 0 0 0 0 0 0
2.807011842727661 0.929743230342865 1.410526156425476 -0.6578829170096601 -0.4601008096276516 0.5962359537019217 0.2752289180759572 0.5900454022011713 0.7590095295818072 0 0 0 0 0 0
2.627253770828247 1.287494421005249 1.7402461767196655 -0.24773137228300499 -0.837966169641795 0.4862528824826004 0.22530188820822167 0.4383092027481464 0.8701287846957452 0 0 0 0 0 0
2.5432026386260986 1.5132821798324585 2.285250663757324 0.18063512363772652 -0.9623256699348409 0.20322464686361943 0.27264409080559215 0.2475184541325892 0.9297310442340867 0 0 0 0 0 0
2.468017101287842 1.4988394975662231 2.8739638328552246 0.6540585236235066 -0.7528437516513831 -0.07371386080588618 0.3009151324864264 0.16954203261887085 0.9384591531953527 0 0 0 0 0 0
1.3692784309387207 2.02071475982666 3.061742067337036 -0.36674023378626674 0.9100904349653952 0.19296891228094828 -0.27296521009983954 0.09302745277658551 -0.9575154761699941 0 0 0 0 0 0
0.9213371276855469 2.0914220809936523 2.776392698287964 0.31479532006082905 0.9431211498405714 0.10689435528220606 -0.24630911295003302 0.18993233621277664 -0.9503986156021719 0 0 0 0 0 0
0.6332757472991943 2.3224411010742188 2.3273332118988037 0.6196601573018112 0.7722816160061743 0.14000855342294902 -0.21297411858219167 0.3371390757822303 -0.9170492180874712 0 0 0 0 0 0
0.4632181227207184 2.7093398571014404 2.10722017288208 0.9791414033141845 0.1694353843754524 -0.11213279108927944 -0.17110145422345416 0.3899782809124508 -0.9047879490682826 0 0 0 0 0 0
0.4853229820728302 3.150663375854492 1.808801531791687 0.8402595643645979 -0.48259282585544416 -0.24711946286497324 -0.06956391406789386 0.3560591797042535 -0.9318705502417646 0 0 0 0 0 0
0.6850090026855469 3.4886324405670166 1.5633610486984253 0.3117546269267079 -0.8545069873266603 -0.4154838880145705 -0.09835585624707793 0.4059051430482317 -0.9086072531016351 0 0 0 0 0 0
0.8819554448127747 3.7032408714294434 1.1885864734649658 -0.3179777751885131 -0.8775931961209875 -0.35877613717792545 -0.01877865084337641 0.3841721420280319 -0.9230704889455066 0 0 0 0 0 0
-0.2708367109298706 -4.133479118347168 1.1462714672088623 -0.2841735589456382 0.9370525241662196 0.20292352093802762 0.5675720003857843 -0.006166267432792123 0.823300675041644 0 0 0 0 0 0
0.15399499237537384 -3.9753782749176025 1.4045848846435547 -0.7297538838291864 0.6218020800165279 0.28429112248422 0.4978131386572142 0.1982061573014969 0.8443319241791273 0 0 0 0 0 0
0.3483888506889343 -3.6314501762390137 1.6842349767684937 -0.8687607178896743 0.003929731403711045 0.4952164902978416 0.485150231318629 0.20749870428656153 0.8494548491655568 0 0 0 0 0 0
0.39121192693710327 -3.3574159145355225 2.161525249481201 -0.7536142290007813 -0.5549164210547103 0.35232564410129036 0.39668127664290487 0.043452280056040196 0.9169274039523995 0 0 0 0 0 0
0.33133232593536377 -3.0860636234283447 2.626965284347534 -0.42265043936274416 -0.8781300757216474 0.22417443257332653 0.11574258397686196 0.19302842572840143 0.974342691826225 0 0 0 0 0 0
0.0822320356965065 -2.948796510696411 3.090057849884033 0.1861308565560135 -0.9728864872431643 0.13728505809949174 0.11233728501748633 0.1598830501726148 0.9807230723616128 0 0 0 0 0 0
-0.11794830113649368 -3.0884664058685303 3.5705654621124268 0.8397471159449501 -0.5399154436626887 -0.05758554468493257 0.14409825950235416 0.11934741694270572 0.9823400051293321 0 0 0 0 0 0
-1.1392377614974976 -2.070831060409546 3.84230899810791 0.05873692620021901 0.9981519373183072 0.015578303125192037 -0.6103738794279868 0.04825753082590574 -0.7906421048936215 0 0 0 0 0 0
-1.6416699886322021 -1.9183982610702515 3.6501622200012207 0.6034961520159867 0.7371842040615553 -0.3038944615882763 -0.6005954813695313 0.16957041049465255 -0.7813647954977087 0 0 0 0 0 0
-1.9641814231872559 -1.5798311233520508 3.2851908206939697 0.8765039863321255 0.44571310878793113 -0.18188069330880427 -0.34457620670243355 0.3170488081910035 -0.8835990555671877 0 0 0 0 0 0
-2.1274499893188477 -1.1703745126724243 2.993407964706421 0.9086895881901585 -0.1838804678150429 -0.3747948850650463 -0.3101244828766869 0.30368301970805234 -0.9008881332670924 0 0 0 0 0 0
-2.0977046489715576 -0.8312802910804749 2.6872644424438477 0.561077971513909 -0.7114161750758519 -0.42317671925837563 -0.2969499163971694 0.3042121998126194 -0.9051384892031061 0 0 0 0 0 0
-1.9330652952194214 -0.6583763957023621 2.1962099075317383 0.037456427384940774 -0.9799630238974607 -0.19562588745179332 -0.20140664602735667 0.1843427285905728 -0.9620047408156539 0 0 0 0 0 0
-1.7169544696807861 -0.5910270810127258 1.748474359512329 -0.4432782752767685 -0.8922077934227671 -0.08642698666117168 -0.3272937552741689 0.25085916227299 -0.9110150813582761 0 0 0 0 0 0
-1.3082196712493896 0.8907052874565125 1.462537169456482 -0.33090636372868687 0.9429362708471072 0.0370427801981533 0.26225191877555026 0.054182832279304406 0.9634771153404399 0 0 0 0 0 0
-0.9861027002334595 1.0814712047576904 1.8339519500732422 -0.8797442848863798 0.45664345605919365 0.1323886220491302 0.1771734858908972 0.05647261495508627 0.9825580897114444 0 0 0 0 0 0
-0.9722465872764587 1.4085335731506348 2.269984483718872 -0.9706358624739243 -0.2399509644505599 0.017016378543844767 0.00798104040112058 0.038576573260908104 0.9992237742315591 0 0 0 0 0 0
-1.0395413637161255 1.7124152183532715 2.7187068462371826 -0.804827548206235 -0.5871010484838689 -0.08697687346348056 -0.13258971048705206 0.035013910548746474 0.9905523685000427 0 0 0 0 0 0
-1.2785519361495972 1.8512934446334839 3.1104843616485596 -0.2265823490192077 -0.9710957775943653 -0.0750561779691241 -0.07590454616368515 -0.05922063195858348 0.9953549199266114 0 0 0 0 0 0
-1.6139072179794312 1.7838987112045288 3.487976551055908 0.29277686956207244 -0.9558260995528128 -0.02604173694456033 -0.16800422551911143 -0.07823427896885583 0.9826769447798942 0 0 0 0 0 0
-1.9891389608383179 1.545026183128357 3.809269666671753 0.8531498727480037 -0.5189812196818407 0.05285629808844019 -0.09902230890727602 -0.06163099012926896 0.9931748100885152 0 0 0 0 0 0
-2.0775890350341797 1.2906368970870972 4.211395740509033 0.9956872087464044 0.06325881874156174 0.06786239157454049 -0.0555031260574907 -0.17996406571335943 0.982106072707915 0 0 0 0 0 0
-1.9106113910675049 0.9829354882240295 4.602385997772217 0.7115311004291078 0.6982638115914965 0.07842921996206306 0.006932393666257382 -0.11858912292605894 0.9929192121425007 0 0 0 0 0 0
-1.668081521987915 0.7703984379768372 5.002207279205322 0.2817619497839245 0.95692188002228 0.07007652380495295 0.23188089553485627 -0.13878291383735103 0.9627930998468818 0 0 0 0 0 0
-1.2375609874725342 0.7613770365715027 5.391803741455078 -0.2075810157571643 0.9731763238784602 0.09918651389997601 0.4417842334284663 0.0027992000683408867 0.8971169687242574 0 0 0 0 0 0
-0.8248389959335327 0.8506231307983398 5.661627292633057 -0.6791517975282145 0.702421412871245 0.2129718165724262 0.4084055868523923 0.12054178901612715 0.9048063625597162 0 0 0 0 0 0
-0.5687848925590515 1.1798981428146362 5.884974956512451 -0.8608002046055071 0.16652471701419022 0.4809288163278021 0.5043711798247996 0.15274649416024505 0.8498695320364731 0 0 0 0 0 0
-0.4311860501766205 1.5358424186706543 6.359683990478516 -0.8073496174075789 -0.4122772484333571 0.42215407814689654 0.3429984556928241 0.25425229367370933 0.9042719892565487 0 0 0 0 0 0
0.7606300711631775 2.3650898933410645 6.054140567779541 0.9415302201714442 -0.2396683012599605 -0.23681205601716462 -0.1619615413831459 0.2943788711078636 -0.941864926280863 0 0 0 0 0 0
0.8142306208610535 2.699446678161621 5.554057598114014 0.6749084192700413 -0.728309538155048 -0.11859107146322061 -0.01826458940085743 0.14417649191048462 -0.9893834160498165 0 0 0 0 0 0
1.112797498703003 2.87943434715271 5.207635879516602 0.17864331771616562 -0.9820280355050635 -0.06088926438566048 0.1753715773239969 0.09267393545535015 -0.980130782882627 0 0 0 0 0 0
1.5563956499099731 2.822483539581299 4.923806667327881 -0.5606662044312186 -0.7891861255794543 -0.2506764177212939 0.27485970221356737 0.10819505702324066 -0.9553773985890638 0 0 0 0 0 0
1.8444005250930786 2.6717424392700195 4.562951564788818 -0.9291539898214342 -0.23572196441081694 -0.2847946956900984 0.30175544658720577 -0.03851947252556423 -0.9526068972515936 0 0 0 0 0 0
1.8897528648376465 2.5212135314941406 3.968919515609741 -0.9928929344078993 -0.1188860378375103 -0.005452596644611395 0.014013965921226158 -0.07129671493852455 -0.9973567000818381 0 0 0 0 0 0
1.767919659614563 2.2651264667510986 3.5144107341766357 -0.8168631732570699 0.5679486324427556 0.10084099901723415 -0.24973215932605589 -0.19061910611343752 -0.9493672655947538 0 0 0 0 0 0
2.4323906898498535 1.2028957605361938 3.3829779624938965 0.905154861354178 -0.3258842411614064 -0.2729361433184566 0.24538742357517024 -0.12370762883837787 0.9614995761404819 0 0 0 0 0 0
2.518724203109741 0.8220190405845642 3.6880526542663574 0.9183290934027718 0.3234465978063499 -0.2281534014156713 0.2890750226482186 -0.15430441110910453 0.9447887488709867 0 0 0 0 0 0
2.799595594406128 0.5535370707511902 3.987943172454834 0.5107111001856738 0.8564288232482519 -0.07552379000522413 0.36423204073212484 -0.1359539805721767 0.9213313929692682 0 0 0 0 0 0
3.188187599182129 0.4376392960548401 4.207089900970459 0.053587866437913315 0.9759344320896219 0.211377209822959 0.4695497355557591 -0.21144596890889264 0.8572127204327384 0 0 0 0 0 0
3.6728129386901855 0.4210717976093292 4.482083320617676 -0.42927627236022275 0.8306961592403745 0.35449368543290355 0.5089672879639036 -0.1017418782593824 0.8547519464680511 0 0 0 0 0 0
4.11984395980835 0.6324306130409241 4.768609523773193 -0.8329881411627309 0.34027921434806135 0.4362806584813549 0.4349709716009951 -0.08458820277029169 0.8964625423388187 0 0 0 0 0 0
4.323390960693359 0.8777263760566711 5.1424455642700195 -0.8720581270890119 -0.3248097830582609 0.36607817171698465 0.4063177257127728 -0.06356243181230481 0.9115183613255995 0 0 0 0 0 0
