t = 0
b = 26 26 26
E = 0 0 0
-3.7888431549072266 -6.231971740722656 4.330594062805176 0.6327090504237849 0.27540591666768155 0.7237615895972005 0.49347568224590027 0.5768855281309608 -0.6509107761168238 0 0 0 0 0 0
-3.722902297973633 -5.6925787925720215 4.2368550300598145 0.8017076297396694 -0.25486456640912447 0.5406560174512908 0.5706572040518286 0.5954486135929092 -0.5655009319479781 0 0 0 0 0 0
-3.483522415161133 -5.238839626312256 4.211790561676025 0.6642482170499681 -0.7452932324198769 -0.057552618142615086 0.5294633403073008 0.5234405822455354 -0.6675915878207952 0 0 0 0 0 0
-3.045289993286133 -4.9728498458862305 3.9916319847106934 0.34009858665348697 -0.9233084874030432 -0.17842193936230222 0.6610280003561827 0.36967159557660145 -0.6529815419818205 0 0 0 0 0 0
-2.5382251739501953 -4.9070611000061035 4.0249505043029785 -0.13435410992047386 -0.690860792329038 -0.7103944951715004 0.7786905422652753 0.36976468694943143 -0.5068679469761334 0 0 0 0 0 0
-2.0553150177001953 -4.921241283416748 3.7106435298919678 -0.6868350753616448 -0.22606930457973076 -0.6907606305948542 0.5745303506999546 0.41323446795228236 -0.7065070067740173 0 0 0 0 0 0
-1.7102222442626953 -4.989367961883545 3.2689857482910156 -0.8698652682364296 0.2181231601318367 -0.4424440101640719 0.4924235151662723 0.3308429694068475 -0.805022988060187 0 0 0 0 0 0
-1.5475635528564453 -5.152664661407471 2.8170480728149414 -0.7570218966491465 0.6252726209851511 -0.18961011956140028 0.4255698705801721 0.2516515047055822 -0.8692305824312627 0 0 0 0 0 0
-1.577341079711914 -5.140299320220947 2.3597474098205566 -0.21835353084462075 0.9580718930023343 0.18552623374232263 0.3890995440267483 0.25982230722931227 -0.8837951762168731 0 0 0 0 0 0
-1.7809696197509766 -5.035467624664307 1.9287142753601074 0.4523300355422073 0.7930569570283691 0.4079928943686264 0.2253295181499776 0.34100260970717966 -0.9126575636147393 0 0 0 0 0 0
-1.7066669464111328 -4.6293416023254395 1.4502731561660767 0.592707835948943 0.5402033630476252 0.5973924570638272 0.31226097657188795 0.529579337731735 -0.7886943689148465 0 0 0 0 0 0
-1.644754409790039 -4.238395690917969 1.172425389289856 0.7786265876102 0.22018560244991484 0.5875873871521271 0.245481350732502 0.7548934455339695 -0.6081733242525508 0 0 0 0 0 0
-1.6183490753173828 -3.6943295001983643 1.1622340679168701 0.9534379969494481 -0.2956343477027852 0.05963487596509894 0.2786515224002739 0.7878909065558538 -0.549164136147477 0 0 0 0 0 0
-1.300027847290039 -3.219583034515381 1.2006173133850098 0.6532178957245506 -0.6836607545937907 -0.32544485451983834 0.4321821711442869 0.689572681460856 -0.5811265679074525 0 0 0 0 0 0
-0.8362369537353516 -2.9391157627105713 1.1517943143844604 0.16592063327444898 -0.6509664493874661 -0.7407516623171909 0.48443241383801233 0.7080851337251216 -0.5137515740321905 0 0 0 0 0 0
-0.3706378936767578 -2.721980571746826 0.9109491109848022 -0.44407036349484597 -0.5029521968298329 -0.7415123734433569 0.4009094951030726 0.6285841260912115 -0.6664484775002097 0 0 0 0 0 0
-0.05843544006347656 -2.598317861557007 0.48825308680534363 -0.7731327058557889 -0.33200131152371654 -0.5404081312143985 0.41726664102968725 0.3754339287284839 -0.8276097603600975 0 0 0 0 0 0
0.2056560516357422 -2.755154848098755 0.0007090307772159576 -0.963131428617466 0.11403640336979094 -0.2436668830919814 0.26671374307858825 0.28610520471450596 -0.9203301533081917 0 0 0 0 0 0
0.2173137664794922 -2.7804532051086426 -0.5525130033493042 -0.741083124952028 0.6261895151542691 0.24224469658219225 0.05205137218137908 0.4132950838171969 -0.9091082599704898 0 0 0 0 0 0
-0.04371833801269531 -2.673452854156494 -1.0604901313781738 -0.11436479723966787 0.8360625055377692 0.5365819415394422 0.17824215200805701 0.5486296966156056 -0.8168446555122985 0 0 0 0 0 0
-0.19098854064941406 -2.3452019691467285 -1.49524986743927 0.21945993036195954 0.6920093884995979 0.6877211245802592 0.24480677196216383 0.6432938668547057 -0.7254258371939791 0 0 0 0 0 0
-0.36268043518066406 -1.8788738250732422 -1.7243938446044922 0.7913566824733383 0.31552224439178594 0.5236413986677924 0.19606635388589835 0.6802987988213334 -0.7062234272495785 0 0 0 0 0 0
-0.3677997589111328 -1.4002974033355713 -1.903601884841919 0.9500989414661938 -0.22034653480737812 0.22081532107894827 0.3115966033663047 0.6367265328300473 -0.7053274978056708 0 0 0 0 0 0
-0.029809951782226562 -0.9014126658439636 -2.037980794906616 0.6730583828134876 -0.7343282091325593 -0.08805960820183868 0.2594109748031196 0.3458970955432913 -0.9016990326302956 0 0 0 0 0 0
0.42423057556152344 -0.612173318862915 -2.2107367515563965 0.1412585682256145 -0.9219623189479764 -0.3605988066299155 0.17054255820535025 0.3814684498759111 -0.9085136529464181 0 0 0 0 0 0
0.9166851043701172 -0.5882012248039246 -2.5422348976135254 -0.4067004815486697 -0.7830520268412217 -0.4705573733009981 0.3406803116365222 0.34792715546928704 -0.873432092237452 0 0 0 0 0 0
1.2988567352294922 -0.6857879757881165 -2.873528480529785 -0.83609394052676 -0.294986217269346 -0.46252573359279886 0.42127415186438383 0.19480351576715 -0.8857650248320386 0 0 0 0 0 0
1.494985580444336 -0.8774611353874207 -3.3279354572296143 -0.9051028502082552 0.36684433716315984 -0.21497456323066386 0.2997813646644481 0.192024124872974 -0.934482674460415 0 0 0 0 0 0
1.502706527709961 -1.0727112293243408 -3.8583016395568848 -0.7129077433417986 0.7012003801339906 -0.008976434885363566 0.13955002636699296 0.12931226833719134 -0.9817352633976544 0 0 0 0 0 0
1.2484493255615234 -1.0935367345809937 -4.378843784332275 -0.06643283205029979 0.967750428262881 0.24299338966890985 0.07666581463760198 0.24776216766442466 -0.9657827194251193 0 0 0 0 0 0
1.0183849334716797 -0.854928195476532 -4.8297905921936035 0.4893695901262859 0.8112917557322381 0.3198798076473935 0.13744034074781872 0.2904689377482754 -0.946962485496924 0 0 0 0 0 0
0.9662837982177734 -0.442894846200943 -5.294536590576172 0.8320553622197558 0.21862020154081432 0.509793175395282 0.3473464020693656 0.5112029471988355 -0.786143767859729 0 0 0 0 0 0
1.155019760131836 0.0369051955640316 -5.626857757568359 0.8052944830710638 -0.3775726945251958 0.45709917510786563 0.5884396499522541 0.4148845187618129 -0.6939809899816043 0 0 0 0 0 0
1.569478988647461 0.37523961067199707 -5.877042293548584 0.6197536578276003 -0.7223995043153784 0.30666652861733296 0.6546721376778708 0.2603970614139154 -0.7096462235193568 0 0 0 0 0 0
2.0974864959716797 0.5281873941421509 -5.897054195404053 0.109901609858872 -0.9853671012665467 -0.13028166368292698 0.7404802097246819 0.16860647215955615 -0.650585057123202 0 0 0 0 0 0
2.6468639373779297 0.475432425737381 -6.026003360748291 -0.3090482988619754 -0.8939233637708549 -0.3246385200112876 0.8462111426943844 -0.10266948985349678 -0.5228629627666193 0 0 0 0 0 0
3.0889339447021484 0.17980676889419556 -6.051890850067139 -0.549428633556963 -0.36150013668301456 -0.7532900024598032 0.823049028222049 -0.07884637453648512 -0.562470929351192 0 0 0 0 0 0
3.4960994720458984 -0.11917552351951599 -6.26408576965332 -0.5985492525491626 0.23597388868004526 -0.7655423673018081 0.7459620617750122 -0.1841830078688252 -0.6400134545497971 0 0 0 0 0 0
3.659421920776367 -0.43752509355545044 -6.670821189880371 -0.2929303072645162 0.8192817045344464 -0.4929191857709014 0.6806050734737699 -0.18341427216168774 -0.7093207587045249 0 0 0 0 0 0
3.725126266479492 -0.570757269859314 -7.226057052612305 0.05497012094899669 0.9962428798442187 0.0669209246988599 0.7046590850669402 0.008777626675634401 -0.7094917385724558 0 0 0 0 0 0
3.9134044647216797 -0.48595312237739563 -7.697268486022949 0.25674812416499726 0.819320699194702 0.5126343654193114 0.8582162729991242 0.050651119644341824 -0.5107830193323459 0 0 0 0 0 0
4.239667892456055 -0.24195095896720886 -8.039928436279297 0.30822616434371586 0.2377603402056817 0.9211224957839426 0.9315267496622465 0.12102134493108187 -0.34294569356497645 0 0 0 0 0 0
6.158964157104492 1.348953366279602 -6.171205997467041 -0.7478917708940903 -0.5421385640886368 -0.38307137240573386 -0.40294879905902775 -0.08782879361249919 0.9109985556242448 0 0 0 0 0 0
5.798727035522461 1.4986610412597656 -5.814094066619873 -0.3612123687635193 -0.8607567795621139 -0.3586410337511668 -0.5892862166318015 -0.08736308280589242 0.8031870558284842 0 0 0 0 0 0
5.33326530456543 1.5090304613113403 -5.59474515914917 0.133113647134538 -0.9770154150897655 -0.16649815501534773 -0.6694340530316193 -0.21251304806083393 0.7118259991357109 0 0 0 0 0 0
4.944189071655273 1.3142343759536743 -5.362520694732666 0.6674744539005865 -0.7313999266856369 0.13975693411905818 -0.5570870762640452 -0.36595020719877913 0.745475979030008 0 0 0 0 0 0
4.61109733581543 1.0219266414642334 -5.173216342926025 0.8110422382023971 -0.5072126839237246 0.29145459529494155 -0.5553311282702432 -0.5109418758871325 0.656159841379398 0 0 0 0 0 0
4.38654899597168 0.5788553357124329 -5.07425594329834 0.784758155469052 0.07366793445438563 0.6154085414243416 -0.5179661807069533 -0.4673503267038144 0.7164458861447178 0 0 0 0 0 0
4.342954635620117 0.16239099204540253 -4.746756076812744 0.535279730336641 0.5559003467912675 0.6359641615123303 -0.19604193966429606 -0.6505897437013769 0.7336896777815791 0 0 0 0 0 0
4.463788986206055 -0.19512148201465607 -4.458559036254883 -0.14755228112088345 0.8124812726187037 0.5640057676831998 -0.3740031353565953 -0.5737399514251698 0.7286591266717796 0 0 0 0 0 0
4.582944869995117 -0.43781107664108276 -4.089216232299805 -0.5554567980868657 0.7623484798758555 0.33210320788884223 -0.20354453244824114 -0.5118808969491782 0.8345942551018022 0 0 0 0 0 0
4.663999557495117 -0.48201027512550354 -3.5809803009033203 -0.8748455427442611 0.48290196152267145 -0.03809162503826109 -0.17605086772200987 -0.24370987817013143 0.9537355960939213 0 0 0 0 0 0
4.600851058959961 -0.40967458486557007 -2.94771671295166 -0.9028923138433009 0.19179464148834657 -0.38470805177309075 -0.42912636150089695 -0.34964618210687043 0.8328253797784327 0 0 0 0 0 0
4.286565780639648 -0.18964126706123352 -2.53277325630188 -0.7044988210107623 -0.4680129681249263 -0.5335215767533144 -0.5100016507154901 -0.18892532340635987 0.8391695528576317 0 0 0 0 0 0
3.8547801971435547 -0.1564832180738449 -2.2309508323669434 -0.3346630883221929 -0.7811839888739783 -0.5270220041341652 -0.6518236928342972 -0.21199069145167065 0.7281385995795734 0 0 0 0 0 0
3.377744674682617 -0.13046373426914215 -2.0908827781677246 0.18564257493658018 -0.9689012760049689 -0.16360669829459745 -0.7713955193934405 -0.24684068334995315 0.5865310134196251 0 0 0 0 0 0
2.8424434661865234 -0.412263959646225 -2.0285284519195557 0.6702811521158557 -0.7122405559004046 0.2084144132465979 -0.6444572420322621 -0.4194042663422694 0.6393550848832543 0 0 0 0 0 0
2.4965038299560547 -0.9351515769958496 -1.9225256443023682 0.8834440912441653 -0.17347303445454648 0.43523975457545533 -0.46844133802123117 -0.34575409154102466 0.8130294096867097 0 0 0 0 0 0
2.3878307342529297 -1.3082937002182007 -1.583979845046997 0.6540852428288957 0.4903800523052618 0.5759339366755126 -0.4738169290722809 -0.3278978681105424 0.8173007437981898 0 0 0 0 0 0
2.363485336303711 -1.5751253366470337 -1.0872529745101929 0.5898848488527919 0.7518501013357718 0.2945459051070115 -0.2650941257168657 -0.16423818746052304 0.950132055185011 0 0 0 0 0 0
2.486928939819336 -1.8011844158172607 -0.6322665810585022 -0.00677109264994049 0.9797699538837304 0.20001247403849298 -0.33824038426444014 -0.19047147305203932 0.9215823676731398 0 0 0 0 0 0
2.572896957397461 -1.8045477867126465 -0.12492353469133377 -0.4930712473379878 0.8697584588988682 -0.020024190930642557 -0.3078128051612597 -0.15288065884931984 0.9390840117521726 0 0 0 0 0 0
2.6122188568115234 -1.6969752311706543 0.3718949854373932 -0.82324660895828 0.5114407279644336 -0.2463603105573274 -0.32228350245608567 -0.06380774254475419 0.9444902943048069 0 0 0 0 0 0
2.4552745819091797 -1.3538036346435547 0.7957797646522522 -0.8740338029709078 -0.29394274157073785 -0.386862476782242 -0.37012281162506544 -0.11301339845195545 0.9220830093245921 0 0 0 0 0 0
2.1767024993896484 -1.1168112754821777 1.197580337524414 -0.5802762187391979 -0.7020027598669595 -0.4128821079980465 -0.46362033650118717 -0.13206918721289815 0.8761357847796485 0 0 0 0 0 0
1.7602519989013672 -1.179339051246643 1.5575718879699707 -0.23960108319019507 -0.812125625570639 -0.5320181286625326 -0.6787096455371804 -0.25172235541548355 0.6899196133165632 0 0 0 0 0 0
1.233327865600586 -1.174782156944275 1.6770031452178955 0.13282768015356625 -0.9645352017846441 -0.2280978998221546 -0.6320983373496818 -0.25969870007207 0.7300741586309195 0 0 0 0 0 0
0.8306102752685547 -1.458991289138794 1.7906259298324585 0.658111520811497 -0.7057061239667095 0.2624273094993388 -0.566585258188338 -0.23464136844466937 0.7898889627144232 0 0 0 0 0 0
0.5611476898193359 -1.8188378810882568 1.965779423713684 0.8688504463692875 -0.25371700699620847 0.4251194916782525 -0.4938863562490331 -0.3847424543882937 0.7797752951346465 0 0 0 0 0 0
0.42581748962402344 -2.229341983795166 2.162738800048828 0.7094699080795451 0.28016725297324546 0.6466519619478683 -0.40913395363132593 -0.5833736071047713 0.7016299897521258 0 0 0 0 0 0
0.42372703552246094 -2.673711061477661 2.5251684188842773 0.3239627243733674 0.7264693625020712 0.6060448981407399 -0.16146167869611136 -0.5887383546880274 0.7920336331443686 0 0 0 0 0 0
0.6173076629638672 -2.9560673236846924 2.881150722503662 -0.24167998732737608 0.8748275285103824 0.41984232645822606 -0.2526525003224429 -0.47447656766929175 0.8432311075936335 0 0 0 0 0 0
0.6656093597412109 -3.1015357971191406 3.31492018699646 -0.6855619857922901 0.7198604699794456 0.10865388809197597 -0.25603398412375233 -0.37811626147730065 0.8896486338887662 0 0 0 0 0 0
0.6675777435302734 -3.036094903945923 3.864438772201538 -0.899175381413746 0.2800618843793719 -0.3362275633812908 -0.4341978240331268 -0.4755588044836897 0.7650595225751665 0 0 0 0 0 0
0.3559856414794922 -2.9179799556732178 4.279955863952637 -0.725265063460132 -0.1572766615426513 -0.6702646040618355 -0.6118140323519915 -0.2992100362516422 0.7322273854640289 0 0 0 0 0 0
-0.1421375274658203 -2.910529375076294 4.654518127441406 -0.29272073437287366 -0.620438924762065 -0.7275782516735216 -0.5203444854341095 -0.5350182148350389 0.6655802928821135 0 0 0 0 0 0
-0.6676731109619141 -3.018437623977661 4.795482158660889 0.2782998686053269 -0.8459562129767066 -0.4548706067227984 -0.4999306607378014 -0.5319531322314919 0.6834436330549654 0 0 0 0 0 0
-1.1350269317626953 -3.4157185554504395 4.75156307220459 0.7804034167609134 -0.6234718255137691 -0.047469884120570696 -0.49512515237281335 -0.6625435798287217 0.5620383334929572 0 0 0 0 0 0
-1.375711441040039 -3.93156361579895 4.793935298919678 0.9095313863976046 -0.24609120721126915 0.3349504066141005 -0.39776838835151024 -0.7491101453646645 0.5297304025067596 0 0 0 0 0 0
-1.425790786743164 -4.448080539703369 4.942055702209473 0.6259286313282219 0.22922058842135645 0.7454336122870674 -0.250304171248797 -0.846216945346745 0.4703878221887519 0 0 0 0 0 0
-1.3437747955322266 -4.89501428604126 4.985148906707764 0.2512539308053153 0.45140902429201557 0.8562133817236264 0.05577947698861875 -0.8898725782693723 0.45278631206243014 0 0 0 0 0 0
-1.2633991241455078 -5.355414867401123 5.301789283752441 -0.19064049721028825 0.5689650857211505 0.7999593314998821 -0.008090186578930488 -0.8157876943987276 0.5782948958349248 0 0 0 0 0 0
-0.9554386138916016 -5.5606865882873535 5.709649085998535 -0.6920218047170933 0.4734976380051221 0.5448906391191422 0.1483524678144472 -0.6454296968854616 0.749274350069255 0 0 0 0 0 0
-0.7360172271728516 -5.52371072769165 6.1640801429748535 -0.9832551591190757 -0.03702513286245584 0.1784332693256464 0.15470531360122264 -0.6870644790612128 0.7099356784638254 0 0 0 0 0 0
-1.801614761352539 -2.838663101196289 8.185376167297363 0.8482514300408379 0.470844822392772 0.24243486683971907 0.1718064937434905 0.18836059003606248 -0.9669554368371038 0 0 0 0 0 0
-1.6743030548095703 -2.4975099563598633 7.8396124839782715 0.9364061695054248 0.029941584885767078 0.3496383663254164 0.2946499527274485 0.47405388044081537 -0.8297314769229367 0 0 0 0 0 0
-1.513254165649414 -2.063570976257324 7.605055809020996 0.8412918987623086 -0.5401083547338084 0.022603234804956206 0.2918272533072235 0.4185690453062825 -0.8600214000468528 0 0 0 0 0 0
-1.1448612213134766 -1.749374270439148 7.332874298095703 0.45641261603557015 -0.8670071222614608 -0.19996543169124964 0.43789558336454537 0.414513460098923 -0.7977631537409103 0 0 0 0 0 0
-0.6812534332275391 -1.6340094804763794 7.179835319519043 0.012703010705025124 -0.8490122650958019 -0.528220415391079 0.47748565222361156 0.4692922548065498 -0.7428137259765579 0 0 0 0 0 0
-0.27536964416503906 -1.4633889198303223 6.956486225128174 -0.37733155274260577 -0.6733204801838426 -0.635814776699829 0.5340078404090496 0.4027305922424468 -0.7434000917767707 0 0 0 0 0 0
0.06274223327636719 -1.499274492263794 6.630072116851807 -0.8568371390891367 -0.0229692167653116 -0.5150752684401878 0.47160979333612485 0.36880666901418524 -0.800978054456 0 0 0 0 0 0
0.2328777313232422 -1.493367075920105 6.147882461547852 -0.8615371135392336 0.44523710260169425 -0.24396254725128216 0.3731927205187706 0.22959056662181546 -0.8988967488371912 0 0 0 0 0 0
0.21288108825683594 -1.6014385223388672 5.662230014801025 -0.5525016141359158 0.8317904695943383 0.053540461981924234 0.36534884838163456 0.2994102910841809 -0.8814043887904688 0 0 0 0 0 0
0.18533897399902344 -1.450448989868164 5.170293807983398 0.0872803277551463 0.8601870525635552 0.502454355129874 0.4175922580928903 0.4263322370443755 -0.8024073339879312 0 0 0 0 0 0
0.018842697143554688 -1.0272341966629028 4.810500144958496 0.664083437415571 0.42176335220002015 0.6173401516921779 0.44056228454049556 0.4463740141368442 -0.778880679529169 0 0 0 0 0 0
0.25948143005371094 -0.5365168452262878 4.467109680175781 0.6877564185585118 -0.08061850916745437 0.7214511519924175 0.6114963502641304 0.5999352062324705 -0.5158972397061753 0 0 0 0 0 0
0.42400169372558594 -0.04881357029080391 4.332895755767822 0.6964283237648747 -0.5636595133698894 0.44415711504564026 0.7149824496504426 0.49191469918367653 -0.496809848351344 0 0 0 0 0 0
0.8231258392333984 0.23507043719291687 4.435337066650391 0.4481697161562437 -0.8875552348866919 -0.10672211835257617 0.7735945851157449 0.44488527205713874 -0.45125216075520824 0 0 0 0 0 0
1.3227062225341797 0.3454493582248688 4.453887462615967 -0.02754207271249601 -0.7653560679212317 -0.6430175141680439 0.7335212618673983 0.4215359949245517 -0.533154727421063 0 0 0 0 0 0
1.8582592010498047 0.2273993194103241 4.299641132354736 -0.4390329642111012 -0.375042688975721 -0.816451491383214 0.7573922549538629 0.3343518071046687 -0.5608616952705412 0 0 0 0 0 0
2.2792415618896484 0.1871916800737381 3.9838674068450928 -0.6939281072380655 -0.03046709699854499 -0.7193994286802549 0.7037893005938095 0.1823941977964464 -0.6865952060565728 0 0 0 0 0 0
2.5420970916748047 0.059300150722265244 3.5201354026794434 -0.7595532806276878 0.5145121890012779 -0.39793972063219596 0.5687941945913987 0.22862658406102598 -0.7900652183584015 0 0 0 0 0 0
2.652311325073242 0.09142380207777023 3.010801076889038 -0.5447765335345265 0.8352081752988252 -0.07513875447538411 0.4329573123388832 0.20339914860691088 -0.87816669945875 0 0 0 0 0 0
2.470396041870117 0.1351248025894165 2.4828784465789795 0.09433748080831814 0.969889194152145 0.22453371858507812 0.3439247205712995 0.17990281415433668 -0.9216022808344736 0 0 0 0 0 0
2.369741439819336 0.3583351969718933 2.0288901329040527 0.4803287293774906 0.7453417325314434 0.46233106480273617 0.4120607918196835 0.27356133371131097 -0.8691203026871622 0 0 0 0 0 0
2.3812007904052734 0.7422907948493958 1.6834300756454468 0.8077339101054358 0.25428860473240955 0.5318864878609234 0.45487786420534004 0.3051099756000281 -0.8366564596328283 0 0 0 0 0 0
2.404569625854492 1.1724826097488403 1.463507056236267 0.9211314395279777 -0.3713113824974565 0.11681065165875595 0.2936327301511073 0.4658314341900489 -0.8347340263248224 0 0 0 0 0 0
2.724332809448242 1.4010653495788574 1.1183189153671265 0.8259135784258033 -0.5257013621280687 0.20372736396610489 0.527927132829037 0.5942811843885825 -0.6067312554208958 0 0 0 0 0 0
3.1952953338623047 1.7975815534591675 0.9018637537956238 0.3129586528286875 -0.9451326758242946 -0.0937075595075552 0.3997064111768551 0.22056608269953942 -0.8897108451776334 0 0 0 0 0 0
3.6755123138427734 1.821878433227539 0.6749789118766785 -0.3922450719587639 -0.8450748056861769 -0.36330755059389336 0.40397254111052233 0.19657751820713268 -0.8933999470361703 0 0 0 0 0 0
3.9983577728271484 1.692288875579834 0.34616395831108093 -0.8314104012162394 -0.3406629136599054 -0.4389823732294904 0.42053766560410055 0.1305996731265459 -0.8978261508708093 0 0 0 0 0 0
4.099950790405273 1.5085740089416504 -0.19002194702625275 -0.9763530988957085 0.06951364794081893 -0.20470095023401072 0.20851377910918545 0.05285492307335731 -0.976590170454585 0 0 0 0 0 0
4.110395431518555 1.2677457332611084 -0.6654397249221802 -0.7195544531211162 0.6929344550647746 -0.045642414239995786 0.20751971677853917 0.15183838346696454 -0.9663750164683969 0 0 0 0 0 0
3.9611873626708984 1.18038809299469 -1.1937505006790161 -0.35057152895852123 0.9189043873729117 0.18087103126398896 0.07489162284531406 0.22001545593909708 -0.9726173163045715 0 0 0 0 0 0
3.726682662963867 1.3006603717803955 -1.6625972986221313 0.3155522724642463 0.8734872282230135 0.3707382169050385 0.19117254833048986 0.3241685964914025 -0.9264813963667166 0 0 0 0 0 0
3.6145687103271484 1.67453134059906 -1.9716793298721313 0.7967932410055848 0.426633666432923 0.4279068190083179 0.2611488992727988 0.3954695263236554 -0.8805708978599901 0 0 0 0 0 0
3.7194042205810547 2.1888349056243896 -2.262319564819336 0.925642861451332 -0.20316983422258206 0.3192292460069388 0.3779002704147806 0.4530722233555131 -0.8074137390731767 0 0 0 0 0 0
3.976804733276367 2.630937337875366 -2.371901035308838 0.7465775453318504 -0.6587950311756986 0.09279588193707297 0.5532759511951669 0.5373408636786121 -0.6365143502311686 0 0 0 0 0 0
4.435544967651367 2.849517583847046 -2.5316689014434814 0.29806097981339486 -0.9525483270791817 -0.06173602587899186 0.7896970381101345 0.2824019433818565 -0.5446354105034226 0 0 0 0 0 0
4.89228630065918 3.0093648433685303 -2.5044519901275635 -0.021190669975985583 -0.8016179158416756 -0.5974610217475422 0.8981095822165 0.2472962837049307 -0.363653305218906 0 0 0 0 0 0
5.406583786010742 3.0625734329223633 -2.5850582122802734 -0.2369317419102506 -0.7159736968246685 -0.6566924814025148 0.9373045235915569 0.009364887564650745 -0.3483856038008834 0 0 0 0 0 0
5.842199325561523 2.746181011199951 -2.511528730392456 -0.28268789975939645 -0.04416819619958757 -0.958194511450622 0.9471205790601444 0.14525812620990056 -0.28611655927395363 0 0 0 0 0 0
6.246923446655273 2.495579719543457 -2.688222885131836 -0.3178215402439093 0.49312835798827115 -0.8098233703127988 0.9340995051378089 0.01635079222721838 -0.3566381444753814 0 0 0 0 0 0
6.53907585144043 2.2989768981933594 -3.056730270385742 -0.24265368008936863 0.8460763716360847 -0.47463034553029154 0.8557715484533043 -0.0437503711655897 -0.5155006904754903 0 0 0 0 0 0
6.738042831420898 2.235008478164673 -3.5158965587615967 -0.05435935968187565 0.9980330753943525 0.03122563744533006 0.8208978660757597 0.06247152291893703 -0.567647780138752 0 0 0 0 0 0
6.980886459350586 2.3233680725097656 -3.932828903198242 0.08003244224870512 0.9424995479754898 0.3244832973416429 0.6144563207600493 0.2096750223031721 -0.7605786053395058 0 0 0 0 0 0
3.2629833221435547 6.441521167755127 -4.40158224105835 -0.8000020101117983 -0.3192972283789825 -0.5079823459201923 -0.38100064909540965 -0.38369586459964067 0.841199137468656 0 0 0 0 0 0
2.906156539916992 6.464894771575928 -4.151954174041748 -0.2735126849355957 -0.8396806049057054 -0.4691772510730998 -0.4745905513891968 -0.30645904933694224 0.8251343282227422 0 0 0 0 0 0
2.4789562225341797 6.386133193969727 -3.8141725063323975 0.27107240876252436 -0.904645990107103 -0.3288394468290297 -0.40326877239013786 -0.41693712641623293 0.8145782527361785 0 0 0 0 0 0
2.0807933807373047 6.049593448638916 -3.7065250873565674 0.744297570724863 -0.665902712014008 -0.05093824050216981 -0.4232290047144899 -0.5293038797145896 0.7353329942872587 0 0 0 0 0 0
1.7749614715576172 5.604085922241211 -3.5815911293029785 0.9409441285494484 -0.19903844575577676 0.2738755996058132 -0.3371004213759682 -0.6258693148924535 0.7033142303296556 0 0 0 0 0 0
1.8034191131591797 5.0841193199157715 -3.4971683025360107 0.6954581074017395 0.3135016505487546 0.6465715242356386 -0.24567063266233402 -0.7418488567968726 0.6239440791581099 0 0 0 0 0 0
1.9344158172607422 4.642628192901611 -3.2294085025787354 0.4206278064282944 0.611292432522102 0.6703684139341088 -0.05452655008403983 -0.7205453400701595 0.6912606369808069 0 0 0 0 0 0
2.1887874603271484 4.284082889556885 -2.937912702560425 -0.10446583207667799 0.7205784445700772 0.6854586750122106 -0.004163969882984269 -0.6895406759318401 0.7242349878252742 0 0 0 0 0 0
2.571371078491211 4.113286018371582 -2.5609090328216553 -0.681726231736179 0.5558611767493971 0.4756760422236599 0.028471985662804893 -0.6295292948952731 0.7764549007515359 0 0 0 0 0 0
2.637838363647461 3.9777190685272217 -2.0467987060546875 -0.9349479767678529 0.34880959599565325 0.06483938987257269 -0.11115697814943819 -0.4615487793232048 0.8801232018950217 0 0 0 0 0 0
2.518239974975586 4.0277509689331055 -1.4592641592025757 -0.905204105802433 -0.20004709855476674 -0.3749489101174145 -0.2316659448730141 -0.5073844884541968 0.8299951029145696 0 0 0 0 0 0
2.245321273803711 4.033647537231445 -1.0287795066833496 -0.5212209171830763 -0.5731913747559744 -0.6322819018414086 -0.40101550519104323 -0.4894955349062005 0.774325955850161 0 0 0 0 0 0
1.8524227142333984 3.94228196144104 -0.7284753322601318 -0.014953639665391644 -0.8046027313214759 -0.5936251623800819 -0.36655846636887435 -0.5479467446112339 0.7519237034455357 0 0 0 0 0 0
1.359579086303711 3.7050976753234863 -0.6391094923019409 0.5943836068744555 -0.7822170186616456 -0.18666725367615922 -0.5422080042859037 -0.5612337841569098 0.6253216129394639 0 0 0 0 0 0
1.0648479461669922 3.329566240310669 -0.6694955825805664 0.7733160824632158 -0.44765927432677377 0.44898041239342645 -0.6340195246082602 -0.5446514139887516 0.5489754818346347 0 0 0 0 0 0
0.8282833099365234 2.842573404312134 -0.5819371342658997 0.7542549172979257 0.0456937432591775 0.6549897721024839 -0.5383888996633291 -0.5279512986799005 0.6568141433781067 0 0 0 0 0 0
0.7236309051513672 2.3526511192321777 -0.32780691981315613 0.6481970714539607 0.4560049660598511 0.6098360660761734 -0.40439472577363367 -0.4724495243169127 0.783106859080669 0 0 0 0 0 0
0.7316646575927734 1.9712530374526978 0.0911790281534195 0.18993370238320018 0.8796435125742835 0.4360647652413415 -0.45938021383709327 -0.3129089816775344 0.8312988562006538 0 0 0 0 0 0
0.8824214935302734 1.8429368734359741 0.6499229073524475 -0.30643461758768564 0.9417399341187283 0.1386496362416522 -0.2859489059340956 -0.23000093249069545 0.9302326559783334 0 0 0 0 0 0
1.0765438079833984 1.9759166240692139 1.1563341617584229 -0.870716030137449 0.4567439726335449 -0.18231439417832254 -0.3609686756926827 -0.3417869075132311 0.8676884953836906 0 0 0 0 0 0
0.8942623138427734 2.1141138076782227 1.638641357421875 -0.8582709738616255 -0.010304477835209191 -0.513093318182142 -0.4925033296400429 -0.2645088394562337 0.8291414500210369 0 0 0 0 0 0
0.5867214202880859 2.309764862060547 1.9500885009765625 -0.6692549729967866 -0.5323344378316207 -0.5183800029105702 -0.5476637937560738 -0.1180834482854869 0.8283240116341634 0 0 0 0 0 0
0.11478996276855469 2.4001832008361816 2.174363851547241 -0.10589590185902649 -0.9243062854030538 -0.3666659906970809 -0.7399648844855148 -0.17307352500301515 0.6499980958982647 0 0 0 0 0 0
-0.3937397003173828 2.259544849395752 2.4011127948760986 0.35318304737640044 -0.9085020324758858 -0.22335127497532592 -0.7147556211795769 -0.4160658626106564 0.5621508693956169 0 0 0 0 0 0
-0.8690586090087891 1.9493025541305542 2.445195436477661 0.7718602639294176 -0.6197109714852281 0.142091677404571 -0.5815923783645739 -0.597910002256755 0.5515921814434699 0 0 0 0 0 0
-1.2238712310791016 1.5024316310882568 2.485363721847534 0.8372684219287622 -0.248823044815629 0.4868969932230017 -0.5229278704048277 -0.6245748431597749 0.5800454358460333 0 0 0 0 0 0
-1.3106708526611328 1.0287935733795166 2.615626096725464 0.6401217445848439 0.21816639989570785 0.7366461661246883 -0.4488351516134054 -0.6719942358824702 0.5890422341538054 0 0 0 0 0 0
-1.3082294464111328 0.5630132555961609 2.9056406021118164 0.15701258752566796 0.7685363948140017 0.6202409670481236 -0.3196559606329101 -0.554675867713752 0.7682153009461918 0 0 0 0 0 0
-1.1014041900634766 0.26972511410713196 3.381770610809326 -0.3983111333375622 0.819998807559218 0.4110355175174128 -0.38375006781908083 -0.5559875177224298 0.7373016788165493 0 0 0 0 0 0
-1.074319839477539 0.13349796831607819 3.88218092918396 -0.6265083372954446 0.7761065639508111 0.07173496143278311 -0.21622253707948885 -0.26149056865323633 0.9406755535062642 0 0 0 0 0 0
-1.0730762481689453 0.30857691168785095 4.374095439910889 -0.9578863680877141 0.23288999455011608 -0.16797605862198048 -0.2252229623263028 -0.24647258778646422 0.9426165077648537 0 0 0 0 0 0
-1.307565689086914 0.4082353711128235 4.9149169921875 -0.7945815149198476 -0.2633751339829628 -0.5470591877915374 -0.43255556317207955 -0.3867279268007148 0.814455152480053 0 0 0 0 0 0
-1.7111988067626953 0.5730080008506775 5.176467418670654 -0.42018954214892823 -0.7584894050351122 -0.4981310782496466 -0.5851955903431101 -0.1930468479695461 0.7875779552095158 0 0 0 0 0 0
-2.2233142852783203 0.4974368214607239 5.412440299987793 0.07825833546955195 -0.9123327212026182 -0.40190127985932156 -0.703163452686844 -0.33629079817917795 0.6264739881795 0 0 0 0 0 0
-2.672426223754883 0.30525484681129456 5.535171031951904 0.493906360060426 -0.8680104374518857 -0.05113108610666101 -0.7746918200109275 -0.46598627771003726 0.4274451695762872 0 0 0 0 0 0
-3.062723159790039 -0.09672081470489502 5.41493034362793 0.6945617355343205 -0.5531478533596439 0.4600124431525416 -0.7193796132005871 -0.5261881121504367 0.4534523599485765 0 0 0 0 0 0
-3.3107776641845703 -0.5060635805130005 5.4245123863220215 0.5959500681503418 -0.040808548758748626 0.8019839017211056 -0.6776518554890778 -0.5613996649111609 0.4749930304644969 0 0 0 0 0 0
-3.4030399322509766 -1.1051967144012451 5.578956127166748 0.3273770251891401 0.3258307330813911 0.8869377750202955 -0.6159499402410095 -0.6382258761788103 0.46181533332370744 0 0 0 0 0 0
-3.3994312286376953 -1.4825189113616943 5.963202953338623 -0.141277696589961 0.7210560337365851 0.6783205795627165 -0.25477252654141774 -0.6885958982309922 0.6789157890778176 0 0 0 0 0 0
-3.3619937896728516 -1.7093863487243652 6.533389091491699 -0.5647062441410159 0.81356855660683 0.13861118832484878 -0.4992252613514679 -0.4704837464292792 0.7276119726711678 0 0 0 0 0 0
-3.3435916900634766 -1.80141019821167 7.0645551681518555 -0.8894836186987004 0.4051513338931471 -0.21135583434404726 -0.35702377770691857 -0.3274549920782631 0.8748184099085394 0 0 0 0 0 0
-3.5806827545166016 -1.6645982265472412 7.593591690063477 -0.8652666906770737 -0.017988639868727327 -0.5009889847495835 -0.47650569863287084 -0.2809586459880937 0.8330693599064468 0 0 0 0 0 0
-6.182945251464844 -1.130585789680481 5.525819778442383 0.8826320326206439 0.026269619407644627 -0.4693299501290406 0.0268034599320273 0.9940001293620704 0.10604394072204083 0 0 0 0 0 0
-6.2089080810546875 -1.463760256767273 5.103350639343262 0.8417139943572458 -0.44455447742909043 0.30641290491903 0.5398656932665312 0.7012791047781917 -0.4655670203476033 0 0 0 0 0 0
-5.870363235473633 -1.0463414192199707 5.076385498046875 0.6248316066623895 -0.7790063832609009 -0.052292620458981455 0.70838591381862 0.5938010354443992 -0.3815622195769886 0 0 0 0 0 0
-5.467073440551758 -0.7554697394371033 5.095449447631836 0.2752862721838236 -0.842431657386067 -0.46316991588497836 0.6729203219376424 0.5129326162371421 -0.5329900294784699 0 0 0 0 0 0
-4.989099502563477 -0.6260978579521179 4.940824031829834 -0.18236147557510185 -0.7310938205673129 -0.6574542704662898 0.7116818666173603 0.36322540059625213 -0.6013120895921867 0 0 0 0 0 0
-4.478799819946289 -0.8143116235733032 4.705927848815918 -0.6996347976940712 -0.057917108609051506 -0.7121493933058872 0.6629127691519333 0.31923602084021424 -0.6772259766823936 0 0 0 0 0 0
-4.20506477355957 -0.8983038067817688 4.27210807800293 -0.8448627460222196 0.2707063763311268 -0.4614379678759267 0.5026847806458565 0.10654193442570767 -0.8578792616189387 0 0 0 0 0 0
-4.032953262329102 -1.0146639347076416 3.773803472518921 -0.6591945446630885 0.7386479220207014 -0.14093189696063538 0.2968841407123846 0.0834518409934179 -0.9512600050608029 0 0 0 0 0 0
-4.160417556762695 -1.085878610610962 3.2861533164978027 -0.11369718162731819 0.9754656945648832 0.18851957356480184 0.2055575178516789 0.2087407385531406 -0.9561241608300389 0 0 0 0 0 0
-4.315164566040039 -0.9092212319374084 2.7903335094451904 0.4601304561053525 0.7816028683012191 0.42116139380003437 0.11093676106997997 0.42002974354512584 -0.9007041964933427 0 0 0 0 0 0
-4.337244033813477 -0.5384367108345032 2.4152257442474365 0.8886053903909318 0.2019045438496695 0.4118434354715838 0.23575964726227105 0.5691531389282654 -0.787706857384695 0 0 0 0 0 0
-4.221811294555664 -0.11249449849128723 2.1002273559570312 0.8510403555459709 -0.015250173420958944 0.5248787911916601 0.37711751966651774 0.713312663545776 -0.5907346446466504 0 0 0 0 0 0
-3.975748062133789 0.40034112334251404 2.0236406326293945 0.7629572218001114 -0.6329150104598955 0.13158596899976063 0.5385855677106728 0.5097704025016261 -0.6708649066593829 0 0 0 0 0 0
-3.506624221801758 0.7701684832572937 1.9261120557785034 0.3465827577385527 -0.9141196826977602 -0.2103939108978339 0.586957692777762 0.3863032231329486 -0.7115128155459337 0 0 0 0 0 0
-3.0445728302001953 0.8392584323883057 1.7773898839950562 -0.1388549143851498 -0.8754701471170423 -0.46289451742049964 0.7311564669309344 0.22463000978154504 -0.644167353698258 0 0 0 0 0 0
-2.581758499145508 0.7309815883636475 1.6890515089035034 -0.35930447886025574 -0.3323230857041241 -0.8720445276355154 0.875327415673548 0.2039901811999401 -0.43839470953044524 0 0 0 0 0 0
-2.131532669067383 0.5867546796798706 1.439353346824646 -0.6360804103795658 0.21789223634862345 -0.7402193491596655 0.7700448280487981 0.24056883927899056 -0.5908955883768775 0 0 0 0 0 0
-1.8613910675048828 0.3841106593608856 1.0486743450164795 -0.5689437450502645 0.7489462007024875 -0.339680148700934 0.7502312196092247 0.30350952020340577 -0.5873968745827254 0 0 0 0 0 0
-1.755899429321289 0.394377201795578 0.5419833064079285 -0.4072766296288039 0.8977682206620987 0.16774375972718325 0.5539741003404021 0.388857236592498 -0.7361404388441709 0 0 0 0 0 0
-1.752359390258789 0.6294602751731873 0.029941454529762268 0.09260183652193155 0.7701697008507026 0.6310812402253017 0.6381582674204381 0.4406108707219267 -0.6313605042482546 0 0 0 0 0 0
-1.7385578155517578 0.9411672949790955 -0.40069812536239624 0.23628194623781001 0.5647430636950211 0.7907187324772531 0.1810323976163819 0.773927853189475 -0.6068467261762188 0 0 0 0 0 0
-1.8914508819580078 1.3715124130249023 -0.5024127960205078 0.8574685789737058 0.20214013271028772 0.4731669925308409 0.21981700069751556 0.6875428812237617 -0.6920731700354212 0 0 0 0 0 0
-1.8047122955322266 1.9306879043579102 -0.5432744026184082 0.9598774847467437 -0.26326356640612675 0.09657902919056406 0.2650256038660517 0.7391386806675805 -0.6192216404781276 0 0 0 0 0 0
-1.5123920440673828 2.3771538734436035 -0.593721866607666 0.592326767764895 -0.7400234139284902 -0.31861316204264806 0.39955091547264443 0.6131945846791168 -0.6814333916570109 0 0 0 0 0 0
-1.1162967681884766 2.66410756111145 -0.7883667945861816 0.1933100869044661 -0.8556874096272578 -0.4800315274087537 0.5658659878550357 0.4969236804366254 -0.6579228979220614 0 0 0 0 0 0
-0.6558094024658203 2.746774911880493 -1.0663316249847412 -0.4619962192843697 -0.6154829571049703 -0.6385453960998154 0.310668627037482 0.5620603102251499 -0.7665332424913183 0 0 0 0 0 0
-0.4754505157470703 2.906989812850952 -1.5813899040222168 -0.8944725332774179 -0.32757486372340977 -0.3043248196727763 0.11136905852066725 0.49595208615324965 -0.8611785302969761 0 0 0 0 0 0
-0.33056068420410156 2.939028263092041 -2.062246799468994 -0.9963405936761625 0.02728161152125866 -0.08100083373543265 0.08533264871682023 0.2634559742835934 -0.9608898421136807 0 0 0 0 0 0
-0.29294776916503906 2.734532594680786 -2.5914299488067627 -0.7868251395093406 0.6001962846912181 0.143772805769954 0.08372850430027953 0.3346060651429355 -0.9386310876682064 0 0 0 0 0 0
-0.5682315826416016 2.6701650619506836 -2.9939372539520264 -0.18901790916927963 0.9573555636087424 0.21850069757477045 0.00717341305778567 0.2238520154281221 -0.9745967460103027 0 0 0 0 0 0
-0.7807178497314453 2.8354644775390625 -3.533088445663452 0.1154134817479008 0.8821789265277734 0.4565523735795624 0.0852333232620083 0.4491333945664296 -0.8893899451258431 0 0 0 0 0 0
-1.0038700103759766 3.123978853225708 -3.870006561279297 0.7465953408013071 0.5322833247944428 0.3990862804451613 0.1200371047995008 0.48225346695218085 -0.8677687981737738 0 0 0 0 0 0
-1.192697525024414 3.6532225608825684 -4.079963684082031 0.9454185001283537 0.1995891712492559 0.25758109855944217 0.0988640299995503 0.5775223475986995 -0.810366485978002 0 0 0 0 0 0
-1.0718555450439453 4.139153480529785 -4.370068073272705 0.8940216875771314 -0.4446880763394958 0.054568643956183153 0.35246189751342516 0.6229037738043998 -0.698399240679336 0 0 0 0 0 0
-0.8350467681884766 4.538336753845215 -4.477989196777344 0.5890079663266363 -0.727911736533936 -0.3510186881348483 0.6065020135819409 0.6852283713118763 -0.4032584613747429 0 0 0 0 0 0
-0.35135841369628906 4.8427815437316895 -4.466973781585693 -0.022621154541800748 -0.7015716954097343 -0.7122397346168683 0.5188107961135602 0.6007464738639606 -0.6082261355581751 0 0 0 0 0 0
0.1436901092529297 4.860415458679199 -4.682754993438721 -0.4814516159834196 -0.3816355685487777 -0.7890238489965973 0.532995525185654 0.5871624694633122 -0.6092257418936053 0 0 0 0 0 0
0.5594997406005859 4.800590515136719 -5.015508651733398 -0.7681506290352735 0.16433207788583773 -0.6188211205917559 0.6284098202510613 0.3786620895584038 -0.6794969608050448 0 0 0 0 0 0
0.7636470794677734 4.7817277908325195 -5.458648204803467 -0.7146629494960383 0.6699357185432984 -0.2011044545441434 0.520375068179608 0.31710785690559157 -0.7928760278289484 0 0 0 0 0 0
0.8299846649169922 4.897045612335205 -6.035681247711182 -0.4592326499674622 0.8294361642516997 0.3180267640235483 0.3727269249204579 0.5048883566719137 -0.7785643112399089 0 0 0 0 0 0
0.8242321014404297 5.1655426025390625 -6.445504665374756 -0.14476782419004036 0.7760468520141249 0.6138351248977599 0.10727648948410806 0.6290235856072863 -0.7699487538490593 0 0 0 0 0 0
0.6824092864990234 5.5330281257629395 -6.770444393157959 0.47994817483469726 0.5586755161052588 0.6764106867705193 0.16351705906072964 0.7005387763967017 -0.6946276658474972 0 0 0 0 0 0
1.2400188446044922 3.367457389831543 -7.531360149383545 -0.6250357713474719 -0.4285402699389469 -0.6524442670272497 -0.6616481627923965 -0.15264360847477734 0.734112823389733 0 0 0 0 0 0
0.6968441009521484 3.5343692302703857 -7.440557956695557 -0.1090239404555702 -0.9471782652300996 -0.30160755010980633 -0.6134202778437613 -0.17464696198145965 0.7702038700245083 0 0 0 0 0 0
0.1854686737060547 3.436150550842285 -7.309957504272461 0.36323472956041686 -0.9237520845512254 -0.12141918105652272 -0.6605535923686889 -0.3472352594566566 0.6656550354341868 0 0 0 0 0 0
-0.2478199005126953 3.1371474266052246 -7.080541133880615 0.7223864456617162 -0.6756172447873596 0.1473063531222248 -0.5687677891157137 -0.4593877231461 0.6822507763916914 0 0 0 0 0 0
-0.5220508575439453 2.778247356414795 -6.951797962188721 0.8436291034765563 -0.237164587977966 0.48170830797961484 -0.523629848252052 -0.5618319129441456 0.640434761405918 0 0 0 0 0 0
-0.6235904693603516 2.275371789932251 -6.881719589233398 0.634147845464715 0.1644925877120148 0.7555122094845755 -0.38675142376947075 -0.7786155127660901 0.49414696143180503 0 0 0 0 0 0
-0.5380954742431641 1.7911382913589478 -6.608780860900879 0.13780587205440434 0.6565308374997106 0.741604207808487 -0.4244018723335304 -0.6373879438633814 0.6431326922007657 0 0 0 0 0 0
-0.5277652740478516 1.551435112953186 -6.185515403747559 -0.08047110969819268 0.8471627544757396 0.5252044058583468 -0.1467159862408705 -0.531241071623727 0.8344203636066433 0 0 0 0 0 0
-0.1999225616455078 1.4148502349853516 -5.75461483001709 -0.5899986444659144 0.7105886653905846 0.3833605980624657 0.02855866248252484 -0.45614272138283846 0.889448267481964 0 0 0 0 0 0
-0.07866859436035156 1.4347844123840332 -5.202782154083252 -0.9710691445740599 0.23326958589344174 -0.05108832306217826 -0.1320334469509851 -0.34621704155221367 0.9288169513015329 0 0 0 0 0 0
-0.1533679962158203 1.4849587678909302 -4.676737308502197 -0.9098819604951977 -0.13734256826091934 -0.39147392877292647 -0.36131946409501603 -0.20136206836555975 0.9104403123157685 0 0 0 0 0 0
-0.41753578186035156 1.614583969116211 -4.2701334953308105 -0.5993623884079223 -0.6188622533777298 -0.507714721774137 -0.45699911481399413 -0.2561947467275524 0.8517723057299007 0 0 0 0 0 0
-0.8578739166259766 1.6105375289916992 -3.8737094402313232 0.08073805988856672 -0.8251448674886741 -0.5591219127726339 -0.5513821556558671 -0.5042800855134288 0.6645895829599335 0 0 0 0 0 0
-1.3239078521728516 1.3846735954284668 -3.782345771789551 0.5332749592146004 -0.8129497470040837 -0.23394556358405816 -0.591478512564377 -0.5560357742647924 0.5839326903953787 0 0 0 0 0 0
-1.6803913116455078 1.0046312808990479 -3.7526769638061523 0.8063072052544371 -0.5905693284747926 0.03311433254062837 -0.5740106704637513 -0.7677313754229761 0.2847811183784841 0 0 0 0 0 0
-1.8999195098876953 0.5440465211868286 -3.9141428470611572 0.7114055056693332 -0.1770232413426985 0.6801212969227511 -0.502009188368311 -0.80525934797418 0.31550619216425607 0 0 0 0 0 0
-2.0560169219970703 0.02845817431807518 -3.8432869911193848 0.44382277715956736 0.34150045067357765 0.8284918736258747 -0.5871624341038174 -0.5875984479691606 0.5567480039672476 0 0 0 0 0 0
-2.189210891723633 -0.34221845865249634 -3.5451436042785645 0.19477910957585626 0.7037454828244317 0.6832301178058854 -0.268988100352584 -0.6315401327034967 0.7271880517813519 0 0 0 0 0 0
-2.1352787017822266 -0.6387088894844055 -3.175676107406616 -0.1490780605987127 0.840852084927883 0.5203301866320641 -0.07891986614049462 -0.5346493946714562 0.841380817172469 0 0 0 0 0 0
-1.9449024200439453 -0.7285074591636658 -2.70843505859375 -0.8217414347888712 0.5439488583760577 0.16988423653332613 -0.06873023646637122 -0.3905420484895043 0.9180158293607462 0 0 0 0 0 0
-1.8630237579345703 -0.7227736711502075 -2.227485179901123 -0.99303468535124 0.0980297915912094 -0.06536263190805587 -0.08440476213002407 -0.20481746936195705 0.9751541623630277 0 0 0 0 0 0
-2.0436344146728516 -0.47968590259552 -1.7224388122558594 -0.8463370651671647 -0.42412159875501704 -0.32223352028260316 -0.28777135759380984 -0.14499146547644007 0.9466599815602273 0 0 0 0 0 0
-2.309610366821289 -0.2930527925491333 -1.2281216382980347 -0.5260284994935067 -0.7748733619833295 -0.35052145527665207 -0.2508644268798699 -0.2524411088989352 0.9345268994866388 0 0 0 0 0 0
-2.7914295196533203 -0.3184155821800232 -0.9154340624809265 0.0631904807424489 -0.9431727315697334 -0.32623942368577435 -0.388904075948345 -0.3243229906624094 0.8623040168284934 0 0 0 0 0 0
-3.245088577270508 -0.6168569922447205 -0.6384750008583069 0.5388828465618158 -0.8050348407229587 -0.2480406880001648 -0.4101487752260284 -0.5079383911195238 0.7574804109727847 0 0 0 0 0 0
-3.519014358520508 -1.0954551696777344 -0.5832485556602478 0.942751914894708 -0.2674565863015289 0.19921295491582386 -0.3111044675885275 -0.4901212027668612 0.8142451822668798 0 0 0 0 0 0
-3.623208999633789 -1.5652836561203003 -0.3439922332763672 0.8858118100272365 0.263863193245905 0.3817245767125102 -0.1778890325588539 -0.5666750474256237 0.8045090942434663 0 0 0 0 0 0
-3.5497684478759766 -2.0074620246887207 -0.07750140130519867 0.6234777425007778 0.6300974727995626 0.4628743667322033 -0.015098022123923414 -0.5822177291764628 0.8128927146681465 0 0 0 0 0 0
-3.207307815551758 -2.235285520553589 0.1914893239736557 -0.16063716641474898 0.7668945902631907 0.6213440175871121 -0.0030319873814274746 -0.6298996922128642 0.7766705767586782 0 0 0 0 0 0
-3.0387744903564453 -2.399200439453125 0.7111164331436157 -0.6225427756023152 0.7080228397049835 0.33338288948513345 -0.15707980676370392 -0.5303827204017753 0.8330786902845911 0 0 0 0 0 0
-2.9270572662353516 -2.4037013053894043 1.1918500661849976 -0.96484409729125 0.26270829822620917 -0.007760023538743442 -0.11380795608546689 -0.39100211550948233 0.9133263900702518 0 0 0 0 0 0
-3.031229019165039 -2.3869216442108154 1.7509268522262573 -0.9377980332267396 -0.07242922454874977 -0.33954212744124374 -0.25662454317119615 -0.5140902350123316 0.8184467448204195 0 0 0 0 0 0
-3.260507583618164 -2.359403371810913 2.1572093963623047 -0.53500902303592 -0.6688280357139954 -0.5161728430604509 -0.2841517608912976 -0.4329203732142474 0.8554751470606331 0 0 0 0 0 0
-3.6795902252197266 -2.4149882793426514 2.4857449531555176 -0.09428008892224866 -0.8087806604009291 -0.5805041844760896 -0.5585787974108483 -0.43969510581520804 0.7033192312209327 0 0 0 0 0 0
-4.191476821899414 -2.558116912841797 2.516902208328247 0.4225335565551638 -0.8868754619477436 -0.1868617365321761 -0.6717272478805625 -0.4448405263753432 0.5923676312467732 0 0 0 0 0 0
-4.600778579711914 -2.851154327392578 2.6518473625183105 0.7396150719278631 -0.6668041766755067 0.09133310103813021 -0.6141188699379738 -0.6131095544403252 0.49694535699621134 0 0 0 0 0 0
-4.728372573852539 -3.331939935684204 2.5547311305999756 0.6804478879759821 -0.332995675297132 0.6527668435072606 -0.6141488561991182 -0.7450982895893667 0.26009560027096784 0 0 0 0 0 0
-4.719598770141602 -3.9498367309570312 2.5991251468658447 0.3651031570997609 0.05538082935881697 0.929318378391021 -0.48784178612272155 -0.838818864009335 0.24164706721721643 0 0 0 0 0 0
-4.683122634887695 -4.481423377990723 2.885770559310913 -0.08594473544229972 0.4512241661212483 0.8882624918108032 -0.51162466114725 -0.7850149376803471 0.34927317922320095 0 0 0 0 0 0
-4.779977798461914 -4.832898139953613 3.2009644508361816 -0.49623854785167126 0.678752890377074 0.5413333699586903 -0.46094485996506995 -0.7343632033178884 0.4982374149785139 0 0 0 0 0 0
-4.998262405395508 -5.172653675079346 3.6284713745117188 -0.6679388470166974 0.7439746123856149 -0.018959767184201903 -0.6377298508682823 -0.5590490265466224 0.52987245939829 0 0 0 0 0 0
-5.198366165161133 -5.276270389556885 4.112931728363037 -0.7175079496540927 0.49464212792034556 -0.4904197258161753 -0.6965491289344394 -0.5108235636601178 0.5038636698455756 0 0 0 0 0 0
7.222692489624023 3.4495551586151123 -3.530930519104004 -0.2788721431342924 -0.9028374769850429 -0.32728400195391294 -0.8045587303106491 0.03357721437570271 0.5929231148772027 0 0 0 0 0 0
6.726987838745117 3.4452030658721924 -3.6223433017730713 0.09107634693292573 -0.9568398753957229 0.27597563639214706 -0.9277917698757263 0.019157194727296763 0.3726062716072393 0 0 0 0 0 0
6.253828048706055 3.3348686695098877 -3.5195271968841553 0.25979983631748577 -0.9505839690471225 0.16998283101544917 -0.963256687611812 -0.24268829146727122 0.11506062295945112 0 0 0 0 0 0
5.846837997436523 3.095142126083374 -3.646756410598755 0.3436474648840376 -0.5210209932575642 0.7813088662390025 -0.9301430088391869 -0.3034667117484784 0.20674123431998362 0 0 0 0 0 0
5.468267440795898 2.7681846618652344 -3.6929030418395996 0.25754913414326863 -0.031995158417750955 0.9657353433212827 -0.8627976326778374 -0.45758310131124424 0.21493708484089755 0 0 0 0 0 0
5.152830123901367 2.3526999950408936 -3.5176126956939697 0.1903918897235507 0.34890298462378333 0.9176151893076485 -0.8514622214476072 -0.40655383103119697 0.3312492534653674 0 0 0 0 0 0
4.83210563659668 2.0490643978118896 -3.186038017272949 0.03675465076734246 0.816538684534738 0.5761194948144444 -0.7965327294334078 -0.3242077245749181 0.5103184910105841 0 0 0 0 0 0
4.91114616394043 0.8935322761535645 -4.048527240753174 -0.3866588433517885 -0.7185484578969462 -0.5780856792135382 0.6620667872653603 0.22009097002246295 -0.7163990048253109 0 0 0 0 0 0
5.331090927124023 0.7128698229789734 -4.34279727935791 -0.8115613637678007 -0.1624254624752483 -0.5612362443561971 0.49469550710149834 0.3200812730719949 -0.8079754537621812 0 0 0 0 0 0
5.538076400756836 0.45225340127944946 -4.70076322555542 -0.6980654379377049 0.5783012080335256 -0.4222231129909932 0.6062780764813609 0.16363998607675062 -0.7782344434261839 0 0 0 0 0 0
5.71937370300293 0.44756609201431274 -5.187411785125732 -0.6694795461274945 0.7301757169177326 -0.13653043521720432 0.34657040668623146 0.1444594906260792 -0.9268335388716759 0 0 0 0 0 0
5.584707260131836 0.34130895137786865 -5.744526386260986 -0.194797278034783 0.9658543894042217 0.170819550809729 0.2649062222472023 0.2194906214252545 -0.9389614265352287 0 0 0 0 0 0
5.376180648803711 0.4279889464378357 -6.166889667510986 0.3639424173076365 0.8846747842548955 0.29136994180565057 0.16352325256521616 0.2472760957596168 -0.9550469508544455 0 0 0 0 0 0
5.285940170288086 0.7449313998222351 -6.660759449005127 0.7856035471382836 0.49218105501449544 0.3749464972613622 0.25530253245480317 0.2941424290361938 -0.9210324903948024 0 0 0 0 0 0
4.610784530639648 0.1604228913784027 -6.975831508636475 -0.3088002254175532 -0.3246746620943415 -0.8939959645188525 -0.9503798845516335 0.14257450537134275 0.2764969899614478 0 0 0 0 0 0
4.179975509643555 0.4933246970176697 -7.047701835632324 -0.18774116523344722 -0.7571748221299488 -0.6256512955387113 -0.9628169339672451 0.015888425091600527 0.26968705866990084 0 0 0 0 0 0
3.7230358123779297 0.663199782371521 -7.200805187225342 0.00635146448811364 -0.9971197985095699 -0.07557622853179966 -0.8815759905655377 -0.04125677020673741 0.4702357406349496 0 0 0 0 0 0
3.2405452728271484 0.5344133377075195 -7.276001453399658 0.28324087684049476 -0.8097167193103151 0.5139391405175987 -0.8710256290251074 0.007076495262862247 0.4911866007905862 0 0 0 0 0 0
2.809286117553711 0.25205257534980774 -7.193921089172363 0.5149468639731526 -0.2864491619789425 0.807945917054958 -0.8405841043255973 -0.35352967074277764 0.4104084982790158 0 0 0 0 0 0
2.487119674682617 -0.15563416481018066 -7.002995014190674 0.5050484281364683 0.23979182108249514 0.8291115532778586 -0.757871450280148 -0.33644657578738585 0.5589584658015373 0 0 0 0 0 0
2.342741012573242 -0.5298817157745361 -6.559778690338135 0.1608657948809556 0.8916823813669902 0.4231131371123 -0.6372995679912037 -0.23350198839232683 0.7343882365990448 0 0 0 0 0 0
-6.044891357421875 -4.6666483879089355 3.5178565979003906 0.6833792156708504 -0.40150048839198516 0.6097460171334379 0.6484733768792983 0.717493041283366 -0.25433445537069016 0 0 0 0 0 0
-5.763399124145508 -4.227784633636475 3.6515183448791504 0.6216637725910414 -0.7811936391257478 0.05718961476828349 0.7762974778140214 0.6047441015327899 -0.17789546818535812 0 0 0 0 0 0
-5.276018142700195 -4.012960910797119 3.8862082958221436 0.4625127033220222 -0.7550127921813943 -0.46479854013132355 0.7284373649371999 0.6224494951224641 -0.2862440067235266 0 0 0 0 0 0
-4.785531997680664 -3.872107744216919 3.8887779712677 0.06649016652781774 -0.6220846730904462 -0.780121604149671 0.7208960448547886 0.5705042594053396 -0.393489240657337 0 0 0 0 0 0
-4.284082412719727 -3.6817872524261475 3.652398109436035 -0.4873054578977531 -0.25251528821426084 -0.8359242907830408 0.6909392985656213 0.4738764507617023 -0.545934057475021 0 0 0 0 0 0
-3.8497791290283203 -3.605668544769287 3.298232078552246 -0.7965209096506661 0.2525206219209686 -0.5493521420672923 0.5946983832937449 0.4910735760207043 -0.6365379610377088 0 0 0 0 0 0
-3.749391555786133 -3.6802096366882324 2.8394856452941895 -0.6002432059954879 0.793013161730935 -0.10410676720446446 0.46722654139534275 0.24201404204857171 -0.8503696622452253 0 0 0 0 0 0
-2.7710742950439453 -4.795321941375732 2.760503053665161 0.9044946224043983 -0.26163935544148775 0.33680012726495223 -0.42279083191985384 -0.6537982701986949 0.6275314608286287 0 0 0 0 0 0
-2.780710220336914 -5.3113532066345215 2.8677563667297363 0.5981052937351132 0.2747423407751317 0.7528523784856068 -0.4762125187520624 -0.6337285835261802 0.609597998196941 0 0 0 0 0 0
-2.750009536743164 -5.755537033081055 3.167043685913086 0.09252535727953146 0.7120385095054976 0.6960173986629102 -0.39002164727773625 -0.6172419697092839 0.6832974941298737 0 0 0 0 0 0
-2.704774856567383 -6.072976589202881 3.646773099899292 -0.3094862071017962 0.8958584760692982 0.31883519013518336 -0.3481113880566107 -0.4187607707147024 0.8387239584128549 0 0 0 0 0 0
-2.629060745239258 -6.090005397796631 4.223421573638916 -0.7605333981421348 0.6422329182479225 -0.09552920511097163 -0.4644941392850876 -0.435345206363165 0.7711807478577373 0 0 0 0 0 0
-2.711130142211914 -5.91280460357666 4.7364888191223145 -0.902474611753801 0.038311206928607205 -0.42903592689132636 -0.4110502648894312 -0.37432201447283947 0.8312164033603546 0 0 0 0 0 0
-3.0241641998291016 -5.875514030456543 5.189828872680664 -0.5896959649180689 -0.41708896907358617 -0.6915890838037285 -0.5409915444162834 -0.4318153581058207 0.7217088369793088 0 0 0 0 0 0
-1.9114322662353516 -5.556623935699463 6.402586460113525 0.9991615595841604 0.039909527111998085 -0.009132770392646435 -0.039407395238968995 0.8770118352705873 -0.47884997441348603 0 0 0 0 0 0
-1.836587905883789 -5.079401969909668 6.3316473960876465 0.752048265686006 -0.41208612415217166 -0.514401042339449 0.056988018596078695 0.8181816430417141 -0.5721286260326904 0 0 0 0 0 0
-1.5029926300048828 -4.640562534332275 6.227628231048584 0.1823614729619074 -0.5738862243754891 -0.7983726539976237 0.2659185824144354 0.8105150267450024 -0.5218742175536606 0 0 0 0 0 0
-1.032632827758789 -4.437574863433838 6.080018043518066 -0.3849425497970895 -0.33718832077394506 -0.8591410068721911 0.42536901535155464 0.7612965248883011 -0.4893759311325451 0 0 0 0 0 0
-0.6265506744384766 -4.357670783996582 5.774794101715088 -0.8451985432932786 0.1320676367767817 -0.5178779409582106 0.4391282991005181 0.7239319836345328 -0.53206091756495 0 0 0 0 0 0
-0.31467628479003906 -4.09559965133667 5.326096057891846 -0.8994610419142982 0.0843673877170902 -0.42877963800563007 0.424450994318396 0.4021195304956577 -0.8112590440889254 0 0 0 0 0 0
-0.16852760314941406 -4.099129676818848 4.729657173156738 -0.8708057377680533 0.4852899000335687 -0.07868341626826551 0.37194553711727824 0.5456657334452283 -0.7509363653214703 0 0 0 0 0 0
-3.0488529205322266 -0.5592036843299866 -2.455676794052124 0.9569613125758353 -0.1198928571331636 0.26429292279889266 0.28643549137157703 0.5366909753536175 -0.7936734254444366 0 0 0 0 0 0
-2.8861942291259766 -0.07809286564588547 -2.5115575790405273 0.8205868897170633 -0.5480202458914151 -0.16220655510055396 0.35542100522550846 0.7115844653994108 -0.6060721554788042 0 0 0 0 0 0
-2.478944778442383 0.3746418058872223 -2.597066640853882 0.3882041130781065 -0.8473333237292122 -0.36238626503669646 0.5837907385858943 0.5303703471923575 -0.6147321923898197 0 0 0 0 0 0
-2.060800552368164 0.5191432237625122 -2.7631149291992188 -0.10812766971814769 -0.7362471834112161 -0.6680183320541243 0.7267666674239587 0.3999495922069484 -0.5584357929206979 0 0 0 0 0 0
-1.5080890655517578 0.39015820622444153 -2.8580286502838135 -0.44084706150583475 -0.3332070967105321 -0.8334427989150838 0.74626505595504 0.37987839337023116 -0.5466085185129049 0 0 0 0 0 0
-1.1037158966064453 0.28844550251960754 -3.1440274715423584 -0.7038565227678212 0.18504774189594284 -0.6858158124280922 0.7042137466772436 0.3083246908392711 -0.6395458419923213 0 0 0 0 0 0
-0.7966175079345703 0.23668520152568817 -3.630342483520508 -0.7524868137787445 0.6304786616714556 -0.1904212495129767 0.609429091745622 0.5569339273133971 -0.5642878545045797 0 0 0 0 0 0
0.3876018524169922 -0.47415974736213684 -3.545649528503418 0.9296107182705052 -0.35021372965578956 0.11477916203378145 -0.34998500998757837 -0.741311909546886 0.572684158631915 0 0 0 0 0 0
0.35333824157714844 -1.037079930305481 -3.4534013271331787 0.7651684102486241 0.34803553509715435 0.5416535518827792 -0.24566106010110855 -0.6198244451829443 0.7452974578674307 0 0 0 0 0 0
0.3059825897216797 -1.4728022813796997 -3.056652069091797 0.5783848606650183 0.7259943910509544 0.3720256672812525 -0.01001704472181603 -0.44969066885048053 0.8931281885395002 0 0 0 0 0 0
0.6021938323974609 -1.6697335243225098 -2.6884777545928955 -0.26822956032328593 0.8689479401599162 0.41591150532368715 -0.1287123160499295 -0.4601871900819055 0.8784423087383618 0 0 0 0 0 0
0.7305202484130859 -1.815470814704895 -2.1139938831329346 -0.6319635155568919 0.7711517608557368 0.07711729205613194 -0.19709398799533417 -0.25615520214709364 0.94632894508679 0 0 0 0 0 0
0.8069286346435547 -1.6552897691726685 -1.6117407083511353 -0.9576308453238921 0.235893758967426 -0.16521894130052334 -0.21750883500614432 -0.21637871466924066 0.9517721148112911 0 0 0 0 0 0
0.5630626678466797 -1.463175892829895 -1.1343635320663452 -0.7723120966165482 -0.395687818403051 -0.49695590929898953 -0.3916586758683083 -0.31932263279165385 0.8629232513984602 0 0 0 0 0 0
1.6251049041748047 -1.220780611038208 -0.07436337321996689 0.8284394804364736 -0.26098333920843464 0.4955559745475386 0.5595832771978361 0.3484887434580302 -0.751945577527771 0 0 0 0 0 0
2.0303707122802734 -0.7567857503890991 -0.17237575352191925 0.5356214592438456 -0.8352887744026294 0.12410606654973262 0.5644663064941758 0.2448327548135656 -0.7883113033587835 0 0 0 0 0 0
2.5656871795654297 -0.5922800302505493 -0.35541751980781555 -0.10200517688059857 -0.9631866066319112 -0.24872978248384658 0.39322200559121423 0.19063069278719955 -0.8994645036277393 0 0 0 0 0 0
2.9940624237060547 -0.6379882097244263 -0.7015891075134277 -0.4948616218435525 -0.8193771856714229 -0.289366554438393 0.3697478566895648 0.10280362576597174 -0.9234272775930128 0 0 0 0 0 0
3.325132369995117 -0.7894157767295837 -0.9674035906791687 -0.8116555409672687 -0.333144608308262 -0.4798228347757796 0.5415768468488614 -0.12137955360532951 -0.8318422464168406 0 0 0 0 0 0
3.505338668823242 -1.131052851676941 -1.3037798404693604 -0.8446263929520386 0.20385536878732738 -0.4950244892380691 0.4872767514242169 -0.09024753108264702 -0.868571672721917 0 0 0 0 0 0
3.6104183197021484 -1.3246278762817383 -1.7950431108474731 -0.5393594460607357 0.8305161888151199 -0.13904764672969008 0.3014149946893699 0.03622539705076672 -0.9528046607699405 0 0 0 0 0 0
3.550077438354492 -1.3216748237609863 -2.3404765129089355 -0.07608428273598097 0.9708297971799664 0.22737785034619484 0.40368932436945937 0.2385056568673025 -0.8832609925907666 0 0 0 0 0 0
3.4676647186279297 -1.0759063959121704 -2.8463239669799805 0.382842218285949 0.7491648947500353 0.5405402819143659 0.2781380825900968 0.4644952863056746 -0.8407635434608913 0 0 0 0 0 0
3.4505748748779297 -0.7215418815612793 -3.194645404815674 0.8034125555405411 0.2892084392106546 0.5204678129232914 0.3310214677191733 0.5096340635626943 -0.7941649130789024 0 0 0 0 0 0
3.487325668334961 -0.3191971182823181 -3.4579176902770996 0.9451306904905963 -0.06043904366440421 0.32105311070553616 0.293726209503495 0.5874132224919066 -0.7541025261145746 0 0 0 0 0 0
3.687101364135742 0.15001565217971802 -3.4807510375976562 0.7739005318411244 -0.600085368407175 -0.2024241029118081 0.3285837136876422 0.6537087507007764 -0.6816873274137257 0 0 0 0 0 0
4.02277946472168 0.5449353456497192 -3.6216862201690674 0.41900465455395325 -0.8588144498153434 -0.29474198928977124 0.5664318250827829 0.5009368008876959 -0.6543831515632021 0 0 0 0 0 0
4.46290397644043 0.7234160304069519 -3.689600706100464 -0.11297237273768916 -0.7073611404397949 -0.6977660496138582 0.581981493949225 0.522078262042113 -0.6234836236852699 0 0 0 0 0 0
4.732717514038086 1.7729958295822144 -2.7563393115997314 -0.19311882968482966 0.9569476104524725 0.21669422805064467 -0.6091776592727636 -0.2900695611636877 0.7380800966895548 0 0 0 0 0 0
4.911138534545898 1.9056016206741333 -2.322408437728882 -0.8191895998539555 0.5733241795169295 -0.015092536975469457 -0.2604041545346813 -0.3483721260486368 0.9004590707485992 0 0 0 0 0 0
4.829687118530273 1.9704351425170898 -1.852798581123352 -0.9337622777516442 0.1165372983260276 -0.3383889282274638 -0.3578572159363471 -0.2904921675949194 0.8874415550154794 0 0 0 0 0 0
4.578718185424805 2.152012825012207 -1.426352620124817 -0.7983717560553864 -0.28458015412872406 -0.530675677800585 -0.5203696570961412 -0.1174128443236922 0.8458307419108534 0 0 0 0 0 0
4.206487655639648 2.3100156784057617 -1.2113642692565918 -0.4463227543423417 -0.8218314088035147 -0.3541032821936221 -0.6333713461011522 0.010575789136458558 0.7737757366460618 0 0 0 0 0 0
3.5880794525146484 2.2834532260894775 -0.9900663495063782 0.27322762618808466 -0.9449429036184976 -0.18008212900970136 -0.41748799006941456 -0.2851404950251196 0.8627854172647046 0 0 0 0 0 0
3.243375778198242 2.056535482406616 -0.6628192067146301 0.7419183416716595 -0.6668125325048797 -0.07013002770285891 -0.22591363597885059 -0.34708844237008196 0.9102157119342238 0 0 0 0 0 0
2.048330307006836 2.8144760131835938 -0.9164333939552307 -0.5579040871937248 0.7798777916804271 0.28378453012135285 0.3098295648166474 0.5129520029674678 -0.8005534856692524 0 0 0 0 0 0
1.8765621185302734 2.958975315093994 -1.4132474660873413 -0.08106238383823115 0.8416182792616352 0.5339546440842587 0.14121610360920106 0.540011441495488 -0.829726253131357 0 0 0 0 0 0
1.6868343353271484 3.254348039627075 -1.7771822214126587 0.4357161816765306 0.657473025393487 0.6147199605553411 0.06829563642321482 0.6568399967314685 -0.7509307056841878 0 0 0 0 0 0
1.5085430145263672 3.734379291534424 -1.9659658670425415 0.8665614512617658 0.16605891741990297 0.4706332830691345 0.18940608159199157 0.7630384384621203 -0.6179787032618981 0 0 0 0 0 0
1.5075435638427734 4.268373012542725 -2.002113103866577 0.9479196891295651 -0.31779714254886293 0.021289413995838138 0.2760793758164425 0.786473376289689 -0.5524851189274701 0 0 0 0 0 0
1.7823772430419922 4.699615955352783 -1.940248966217041 0.5516432655145956 -0.5224918314529516 -0.6501476706697745 0.20889429765108253 0.8411829245766898 -0.4987729541679942 0 0 0 0 0 0
2.157369613647461 5.122416019439697 -2.113116502761841 0.010662102978297764 -0.7089464013653343 -0.7051817634845802 0.15063877998476022 0.6983123394607154 -0.6997626987212205 0 0 0 0 0 0
2.2530345916748047 -0.6205422878265381 -5.99552583694458 0.009136200678837546 0.9980633532200662 0.061531071795260794 -0.5963157397367012 -0.043957027655475676 0.8015455809010282 0 0 0 0 0 0
2.224607467651367 -0.5764192342758179 -5.520227909088135 -0.4734045925620022 0.8347302797757542 -0.28127113567996254 -0.5622963623334986 -0.04058899395602484 0.8259390622050471 0 0 0 0 0 0
2.1770076751708984 -0.4102262854576111 -5.033820152282715 -0.7367849764415764 0.4811970192679321 -0.4749708697779718 -0.5676525071844626 -0.058606913029327724 0.8211795545630485 0 0 0 0 0 0
1.9618511199951172 -0.08133760839700699 -4.662341117858887 -0.7619423019832662 -0.38012586990927527 -0.5243550814802483 -0.532637375850688 -0.09278653796406033 0.841241989096798 0 0 0 0 0 0
1.5618267059326172 0.1260160654783249 -4.381036281585693 -0.44666288319256336 -0.8197172370736937 -0.3585469565097107 -0.3920543381542494 -0.18089926749225094 0.9019805158401153 0 0 0 0 0 0
1.0356273651123047 0.09219684451818466 -4.054417610168457 0.17438904080967224 -0.939070208010427 -0.2962019697313579 -0.4104712096112116 -0.3427574849328322 0.8450033683973267 0 0 0 0 0 0
0.6329174041748047 -0.14359840750694275 -3.8211312294006348 0.7044232763001591 -0.7089213489866159 -0.03490513941450979 -0.3318494171196031 -0.3724178712704157 0.8667069248112604 0 0 0 0 0 0
-0.5975360870361328 0.43215876817703247 -4.139383792877197 -0.6974336590989146 0.6504679353384772 0.30079520649837094 0.3421247066029258 0.671010874878608 -0.6577956300603607 0 0 0 0 0 0
-0.8121891021728516 0.579542875289917 -4.6052422523498535 -0.201911458339952 0.8098436005309656 0.5508040537887096 0.1590106206187058 0.5820315822331941 -0.7974677797965124 0 0 0 0 0 0
-1.137063980102539 0.8273870944976807 -4.881258010864258 0.5451369677320094 0.6775087776120385 0.4937687137421647 0.17384780545270803 0.4848190107880277 -0.8571624509495243 0 0 0 0 0 0
-1.2326221466064453 1.2586266994476318 -5.145144939422607 0.8637678321342175 0.2163779690035604 0.45506670576965774 0.19975597186278607 0.6820710148146217 -0.7034747205514253 0 0 0 0 0 0
-1.2285709381103516 1.772703766822815 -5.259387493133545 0.9693071479027094 -0.23760017486254 0.06316494225442845 0.23277228157538613 0.804241701369842 -0.5468202179034085 0 0 0 0 0 0
-0.9618701934814453 2.2584569454193115 -5.31194543838501 0.6443579796062818 -0.6854087880486233 -0.3391424293470635 0.4421778931138242 0.6957669434113688 -0.5660274474770822 0 0 0 0 0 0
-0.5896015167236328 2.5487043857574463 -5.482381820678711 -0.023059836470570787 -0.7097122437321297 -0.7041141775583394 0.47660723075141703 0.6113102809759121 -0.6317794614963492 0 0 0 0 0 0
-0.1483325958251953 3.7031829357147217 -4.923016548156738 -0.4654309358190526 0.7373334540669523 0.4896053732306238 -0.14104369935052755 -0.6078927886362558 0.7813917278788882 0 0 0 0 0 0
0.008069992065429688 3.6180834770202637 -4.363542079925537 -0.9150472052263992 0.3997818113115403 0.05350808865788451 -0.14960473715138117 -0.45959655116833514 0.8754367097489334 0 0 0 0 0 0
-0.04210853576660156 3.8459668159484863 -3.910291910171509 -0.975037612132742 -0.20696541841552474 -0.0804174763752722 0.0015172392539795079 -0.36837785178641225 0.929674919688745 0 0 0 0 0 0
-0.1356983184814453 3.8024609088897705 -3.3856170177459717 -0.7487440987651937 -0.4989217325696205 -0.4364165204641386 -0.2752724039034842 -0.3648907350900484 0.8894267002370917 0 0 0 0 0 0
-0.5107669830322266 3.890936851501465 -3.1447231769561768 -0.2956196379634866 -0.931111141415871 -0.2136377119835608 -0.2817148941172469 -0.1287189194079326 0.9508249882175809 0 0 0 0 0 0
-0.9329853057861328 3.7816929817199707 -2.747173547744751 0.2791028696507415 -0.9229648228371486 -0.2650236290558101 -0.3420451167282511 -0.35344398808406136 0.8706793240967602 0 0 0 0 0 0
-1.2268009185791016 3.4323842525482178 -2.4165256023406982 0.7797654463766835 -0.6085361012168214 -0.14713824163962944 -0.12927093010570845 -0.386449659331797 0.9132062677357964 0 0 0 0 0 0
-1.5375690460205078 3.0443012714385986 -2.123412847518921 0.9826159653086892 -0.18369869383769552 0.026845010761735007 -0.12365675308385538 -0.5397623639464523 0.8326857737968725 0 0 0 0 0 0
-1.550821304321289 2.580152988433838 -1.9084806442260742 0.9496668832602794 0.23932466147416062 0.2021299513901518 0.06196313249350511 -0.7760034953027269 0.6276775808403093 0 0 0 0 0 0
-1.2463016510009766 2.1170735359191895 -1.83871328830719 0.424080113656563 0.5412861515227152 0.7260615396581511 -0.1523245123686999 -0.7476693111665461 0.6463651012170912 0 0 0 0 0 0
-1.039560317993164 1.6863298416137695 -1.4938992261886597 -0.03974916371490203 0.7866255071793632 0.6161495885243902 -0.22139701285219765 -0.6082433189159998 0.7622489276438329 0 0 0 0 0 0
-0.8164768218994141 1.4606001377105713 -1.0051323175430298 -0.5209528915367401 0.7811477060291939 0.34411676240026096 -0.12880006294521087 -0.470464018172321 0.8729685855690708 0 0 0 0 0 0
-0.7073307037353516 1.4583746194839478 -0.48802649974823 -0.8987367821893827 0.4382381907404008 -0.014815009836458759 -0.18121063076103391 -0.3404352375368423 0.9226410766611369 0 0 0 0 0 0
-0.8028812408447266 1.6189911365509033 0.03628923371434212 -0.8995499416099025 -0.2250412664423855 -0.37438794177647916 -0.29955022634769296 -0.3060087410176661 0.9036748930427517 0 0 0 0 0 0
-0.1460590362548828 2.094710350036621 1.0169038772583008 0.8245378902378666 0.024377439836946645 0.5652813529465516 0.3192586845579006 0.8047897048964594 -0.5003872732464613 0 0 0 0 0 0
0.04547691345214844 2.5860788822174072 0.9351449012756348 0.8032896054394777 -0.5656742809223064 0.186382450074892 0.5506236627347393 0.5860595792168455 -0.5944306112951738 0 0 0 0 0 0
0.4685344696044922 2.9097578525543213 0.8611469864845276 0.3469850968574715 -0.8977931821012995 -0.2712355889835141 0.6463750025236682 0.43847128537511376 -0.6244535915614736 0 0 0 0 0 0
0.9627742767333984 3.025906562805176 0.5528754591941833 -0.1745986780348383 -0.9210287690482754 -0.348168505488227 0.5781535288448572 0.19032910579603532 -0.7934187599062178 0 0 0 0 0 0
1.4260616302490234 2.920409917831421 0.46000421047210693 -0.5425804670605872 -0.4559211568890337 -0.7055085651253853 0.7519462106666801 0.11073884426351358 -0.6498567570128068 0 0 0 0 0 0
1.7752666473388672 2.7402398586273193 0.12988846004009247 -0.7910342388499527 0.20435142564025996 -0.5766327495086185 0.6101574611608052 0.33196428574442743 -0.7193800008201455 0 0 0 0 0 0
2.1038341522216797 2.7570559978485107 -0.3413386046886444 -0.831826542681679 0.5476731022590261 -0.09010425046699597 0.424081289508514 0.5224033256907814 -0.7397633575651119 0 0 0 0 0 0
2.976949691772461 1.6684261560440063 -0.3841918408870697 0.9736843027649359 -0.17192903913769833 0.14959707233214256 -0.20612303700374554 -0.38433207816985365 0.8998900751236198 0 0 0 0 0 0
2.999654769897461 1.2566444873809814 -0.12870438396930695 0.873779027968975 0.3707972314695676 0.3146738365611244 -0.029788012378165557 -0.6050253379968203 0.7956488011053569 0 0 0 0 0 0
3.204671859741211 0.8660963773727417 0.24914351105690002 0.3024297574587806 0.8938484001696545 0.33101552730585343 -0.009913683540450337 -0.3443094665365595 0.9388038720265109 0 0 0 0 0 0
3.4973506927490234 0.6982554197311401 0.6640042662620544 -0.24452249991642963 0.9128758537063862 0.3269043021351295 -0.19415293483585694 -0.37640572271728634 0.9058826468148625 0 0 0 0 0 0
3.7224864959716797 0.7455841898918152 1.2578250169754028 -0.7863908536375875 0.6177287728996577 -0.0007671030110292681 -0.26391132015738805 -0.3348452693724239 0.9045603687270924 0 0 0 0 0 0
3.582967758178711 0.788982629776001 1.792855978012085 -0.9210234400572258 0.26191437183090654 -0.2882996439359153 -0.34008889419268323 -0.1799175433509025 0.923021788280956 0 0 0 0 0 0
3.4168224334716797 1.0309947729110718 2.2713146209716797 -0.8586464903457165 -0.2958864575416862 -0.4185420036990496 -0.4359365140463787 -0.007936650071164215 0.8999424233287037 0 0 0 0 0 0
-5.175264358520508 -0.4247835874557495 3.842498302459717 0.8412986975419875 -0.445780615338611 0.3057713925508478 -0.5291499948688805 -0.5634616944549925 0.6344377052257949 0 0 0 0 0 0
-5.336992263793945 -0.9280393123626709 3.8933849334716797 0.7778511620982623 0.04704795403477156 0.6266849763984492 -0.4585070472631819 -0.6394844872939902 0.6171149634552225 0 0 0 0 0 0
-5.309221267700195 -1.44240403175354 4.106349945068359 0.2929112641894884 0.6687435410017736 0.6833630570050776 -0.4659961475116623 -0.5242339863688183 0.7127596495594759 0 0 0 0 0 0
-5.204263687133789 -1.784674882888794 4.521440029144287 -0.1467704813764507 0.848193490250707 0.5089461944968728 -0.5432306410264971 -0.4991011215297552 0.6751285367525814 0 0 0 0 0 0
-5.08842658996582 -1.9763449430465698 5.02777624130249 -0.6597564724450177 0.7492719454757575 0.05755822087139128 -0.5741652185684222 -0.5520187680432319 0.6046565814694393 0 0 0 0 0 0
-5.247758865356445 -1.9981275796890259 5.520452499389648 -0.8062372623197718 0.37519829096573676 -0.45739230350270377 -0.5908445145036325 -0.4718212900807112 0.6544367271994598 0 0 0 0 0 0
-5.593408584594727 -1.9787967205047607 5.908515453338623 -0.49539441741651524 -0.20613201396450848 -0.8438566015689437 -0.7558284914919626 -0.3765116948364391 0.5356885616665494 0 0 0 0 0 0
-4.59404182434082 -1.6407500505447388 6.923886775970459 0.8064277724224233 -0.04714851115639673 0.5894499688366632 0.4096862637989844 0.7633633172286953 -0.4994332900038118 0 0 0 0 0 0
-4.396867752075195 -1.198862075805664 6.9131388664245605 0.8173377036924663 -0.5752669502944989 -0.03204705948433645 0.46165083993469197 0.6871627735047965 -0.5609686485863442 0 0 0 0 0 0
-3.984621047973633 -0.7563244104385376 6.770363807678223 0.5679721180857195 -0.8058830412269233 -0.16721302861938278 0.6769254952474542 0.5729566150365097 -0.46205258485360057 0 0 0 0 0 0
-3.5139026641845703 -0.5658724308013916 6.7613844871521 0.12008693729082762 -0.7837406859227374 -0.6093682505033108 0.6620973517638311 0.5205923698153074 -0.539083185860405 0 0 0 0 0 0
-3.009195327758789 -0.5859733819961548 6.565147399902344 -0.35881165929200537 -0.36012818141296077 -0.8611398760412339 0.8083029842240883 0.3414973760235558 -0.47961007898443875 0 0 0 0 0 0
-2.555032730102539 -0.7482600808143616 6.3070068359375 -0.6521772341572672 0.29247559974463266 -0.6993732042343305 0.7562060826871926 0.31559991143082733 -0.5731919891377973 0 0 0 0 0 0
-2.2739505767822266 -0.8701815605163574 5.9460768699646 -0.5136142327740089 0.804187305460603 -0.29913742264715254 0.783731832967646 0.29780620011489856 -0.545046677970152 0 0 0 0 0 0
-0.9609165191650391 -1.5887417793273926 6.034512519836426 0.9073167443325407 0.029125238953344814 0.4194377735847231 -0.2735468603822163 -0.7166973395566875 0.64149593813788 0 0 0 0 0 0
-0.9042911529541016 -2.193350076675415 6.21636962890625 0.6338910757823256 0.4962022412741725 0.5932667526484301 -0.2620937434724299 -0.5838656058398894 0.7683799997070635 0 0 0 0 0 0
-0.7295780181884766 -2.610382556915283 6.518248081207275 0.06105416928395761 0.8081571206461253 0.5857938688327236 -0.15038266766205843 -0.572741593854161 0.8058238764992249 0 0 0 0 0 0
-0.6379566192626953 -2.788182020187378 7.083579063415527 -0.372848372135633 0.8898827105675274 0.26285519365003757 -0.20017923093776094 -0.3537528945804308 0.9136668786144835 0 0 0 0 0 0
-0.5425586700439453 -2.697537422180176 7.667780876159668 -0.8154873980995556 0.5710229729455195 -0.0944090456962525 -0.297784252408531 -0.27408314209002765 0.9144413432470943 0 0 0 0 0 0
-0.5532779693603516 -2.5108213424682617 8.177851676940918 -0.9569245236838364 0.07394850265740949 -0.28076159802791734 -0.29033660259912225 -0.24260715488706416 0.9256599945924008 0 0 0 0 0 0
-0.8171405792236328 -2.5014572143554688 8.617286682128906 -0.575465216631579 -0.5721267659273085 -0.5843892094800593 -0.4648029076376984 -0.35913803615531015 0.8093071901559066 0 0 0 0 0 0
2.456197738647461 5.3641486167907715 -2.4426071643829346 -0.46428492597017856 -0.6097137104366663 -0.6424085139709925 0.35438987988110593 0.5368396149593857 -0.7656441999049651 0 0 0 0 0 0
2.738218307495117 5.461650371551514 -2.9039769172668457 -0.845795030491262 -0.393601820120131 -0.36015048742769334 0.22965280354729298 0.34071350926557936 -0.9116873885421485 0 0 0 0 0 0
2.955930709838867 5.385849952697754 -3.330827236175537 -0.9679733861752132 0.17511735274524484 -0.17989284706176936 0.22563002379372368 0.29261622306499757 -0.9292291635339581 0 0 0 0 0 0
2.9796886444091797 5.2354230880737305 -3.8105225563049316 -0.7045435683344584 0.7038652606120887 0.09050997305283447 0.11158904066742117 0.23583285749321542 -0.9653656039705939 0 0 0 0 0 0
2.7710704803466797 5.276063442230225 -4.348463535308838 -0.2631177919406468 0.8701257219098454 0.4167136374480071 0.11380396772030094 0.4569106199247468 -0.8822025517595721 0 0 0 0 0 0
2.542509078979492 5.5443434715271 -4.739968776702881 0.23473769435905315 0.7426557435939931 0.6271847107143549 -0.004429102392138446 0.6460232123370497 -0.7633049142863677 0 0 0 0 0 0
2.2852611541748047 6.077340126037598 -4.91020393371582 0.8818217870362269 0.2745464958835576 0.3834247742469111 0.13280659861242392 0.6355743961803432 -0.7605311264405888 0 0 0 0 0 0
1.2530956268310547 6.227509498596191 -5.94140100479126 -0.36639914765524717 -0.5665573181595481 -0.7380816146181728 -0.5445805959934462 -0.5126098620824056 0.6638246031620705 0 0 0 0 0 0
0.6602153778076172 6.098324298858643 -5.736471652984619 0.1652907441882725 -0.798786451714891 -0.5784627684150648 -0.5675328249689818 -0.5567243604953258 0.6066007575117244 0 0 0 0 0 0
0.1517314910888672 5.861823081970215 -5.762077808380127 0.6536835013215466 -0.7514608927514966 -0.08946735027442847 -0.6542323327918584 -0.6205727948951013 0.4322840049849238 0 0 0 0 0 0
-0.19686317443847656 5.418727874755859 -5.734039783477783 0.8641970596117301 -0.4293305014168882 0.2623714212934849 -0.5021322952686942 -0.7691108658148662 0.39538795395623766 0 0 0 0 0 0
-0.2940845489501953 4.937986373901367 -5.8113555908203125 0.6652589477648096 -0.04106370411575446 0.745482598471052 -0.4820285484662444 -0.7861251846287763 0.38685355440514957 0 0 0 0 0 0
-0.5021076202392578 4.413392543792725 -5.593057155609131 0.6863972722927159 0.2942894687949089 0.6650206712167145 -0.2909310317926125 -0.7269732646624861 0.6219879477980687 0 0 0 0 0 0
-0.3053607940673828 4.029676914215088 -5.368270397186279 -0.04400254739021767 0.6320490525802124 0.7736780796659728 -0.2558339398096025 -0.7557339193869322 0.6028393138553282 0 0 0 0 0 0
-0.28000831604003906 2.670484781265259 -5.882247447967529 -0.3276833777597226 -0.8649134091232142 -0.38019521125184924 0.5897140563989598 0.12715831141872444 -0.797538773679765 0 0 0 0 0 0
0.1402873992919922 2.53546404838562 -5.981698036193848 -0.6333191057038958 -0.2677608576705163 -0.7260929922881553 0.6321181487643001 0.36229973656923353 -0.6849566021907216 0 0 0 0 0 0
0.4931774139404297 2.532780170440674 -6.446087837219238 -0.8812035406065101 0.16500572537044952 -0.44300500066875403 0.468324043295176 0.43245249559899523 -0.770491680371605 0 0 0 0 0 0
0.6399669647216797 2.370168447494507 -6.8560709953308105 -0.731221948442765 0.6566414629629242 -0.18476052401278018 0.4267906152140291 0.22910709463119594 -0.8748483925543231 0 0 0 0 0 0
0.6430034637451172 2.314680576324463 -7.403665542602539 -0.5064987117689147 0.8602550646594654 0.0584831488906778 0.3052557646809118 0.24233501235637858 -0.9209194644024555 0 0 0 0 0 0
0.5758724212646484 2.426710844039917 -7.922083854675293 0.21698030305779223 0.8743352775913705 0.4341167705170688 0.34326914084824495 0.3479687915512699 -0.8724012935843554 0 0 0 0 0 0
0.6562252044677734 2.7652475833892822 -8.353428840637207 0.6066103881332385 0.29530926749605485 0.7381167072623307 0.5463735297537373 0.5195724882977748 -0.6569021200974319 0 0 0 0 0 0
-0.18915748596191406 -3.9482383728027344 4.196588039398193 -0.5776604483221477 0.6868801584920182 0.44102613790367956 0.36497558664613794 0.7006157307535075 -0.6131316489735595 0 0 0 0 0 0
-0.3349933624267578 -3.7128028869628906 3.805048704147339 0.11257170532654932 0.7203763020603163 0.6843870210559054 0.3417549873560331 0.6186743527801563 -0.7074217793009574 0 0 0 0 0 0
-0.4784564971923828 -3.2515792846679688 3.507371187210083 0.7072945824178395 0.20193302766085727 0.6774639665857466 0.3929495960946414 0.68433132208272 -0.6142322496788776 0 0 0 0 0 0
-0.4092578887939453 -2.678992748260498 3.5107712745666504 0.9004547689414036 -0.29849319807306085 0.3163590046052108 0.42526996100028774 0.7567973858958703 -0.49639014592555236 0 0 0 0 0 0
-0.11175727844238281 -2.2202296257019043 3.424813747406006 0.5496195253115627 -0.8207546753676319 -0.15582085951009778 0.6075968931782584 0.5207349224347779 -0.599717563488826 0 0 0 0 0 0
0.35585594177246094 -1.9482152462005615 3.4094085693359375 0.24375914675061608 -0.8935546562576575 -0.3770166503692792 0.7149119558915119 0.42823934025054017 -0.5527313658416312 0 0 0 0 0 0
0.8246517181396484 -1.894683599472046 3.3007242679595947 -0.36075643481351904 -0.5945375098540374 -0.7185958141522949 0.6266664219714742 0.41612117877904237 -0.6588872135236885 0 0 0 0 0 0
1.3073863983154297 -0.8373633623123169 4.239805698394775 -0.31440769979096206 0.9331587693560273 0.17424841315231787 -0.5481114986955173 -0.32832025170226464 0.7692721217618091 0 0 0 0 0 0
1.2201824188232422 -0.7966320514678955 4.714147090911865 -0.6840901927666456 0.6814252670258155 -0.26015421122728244 -0.4693028215637154 -0.13816485374967094 0.8721613009419 0 0 0 0 0 0
1.0876827239990234 -0.703528642654419 5.256039142608643 -0.6983197141151476 0.288802895123365 -0.654936992882904 -0.715428681779575 -0.252707937190712 0.6513835273999143 0 0 0 0 0 0
0.7237758636474609 -0.4662317931652069 5.612283706665039 -0.5217960309602266 -0.5291205106431583 -0.6691490023088112 -0.6560803933275712 -0.25244026532525105 0.7112189746721163 0 0 0 0 0 0
0.2073650360107422 -0.43359410762786865 5.769604682922363 0.06910310425207636 -0.8483843112084795 -0.524851237474049 -0.7741217443044089 -0.3774506815553738 0.5081992797992564 0 0 0 0 0 0
-0.42521095275878906 -0.6101462841033936 5.8125410079956055 0.4887422905868054 -0.8537768447051676 -0.17943264150441182 -0.6377471582552954 -0.489978106867558 0.5943063325657733 0 0 0 0 0 0
-0.7846927642822266 -1.0091277360916138 5.860766410827637 0.8772099466259556 -0.38699025839044227 0.2841500474245722 -0.4700698166313125 -0.5719060226118178 0.6722781186328581 0 0 0 0 0 0
-2.046487808227539 -0.7498321533203125 5.474229335784912 -0.5786288090582009 0.815425063328613 -0.016451973237738223 0.3973864230616976 0.26425676016102595 -0.8787789229808756 0 0 0 0 0 0
-2.109415054321289 -0.6321538686752319 4.971797943115234 -0.0587273702564935 0.9583765406093049 0.27940204435991167 0.26796429466159793 0.284747301064545 -0.9203880221531404 0 0 0 0 0 0
-2.1005496978759766 -0.4081908166408539 4.52933406829834 0.2427097029594663 0.7421884796936793 0.6246985358549454 0.32414876813954985 0.5448952362613526 -0.7733154321577305 0 0 0 0 0 0
-2.2313480377197266 0.02611064352095127 4.293410778045654 0.7720749761778161 0.38751670178069153 0.5037172192818499 0.24482390618930766 0.550066263379098 -0.7984286823820684 0 0 0 0 0 0
-2.1850147247314453 0.576759397983551 4.076156139373779 0.9252752756189719 -0.22101569364994855 0.30824945659103414 0.37922924297059724 0.523783830562082 -0.7627815415423082 0 0 0 0 0 0
-1.9147968292236328 1.0155344009399414 3.923215389251709 0.6983402573279994 -0.7145204478002716 -0.04220680834134475 0.43654631836605295 0.4719075352928737 -0.7659834136943501 0 0 0 0 0 0
-1.4694156646728516 1.2938847541809082 3.8180112838745117 0.21967028993103438 -0.8949290089654833 -0.3883903096546992 0.5566881362160594 0.44192333771456055 -0.7034216961251 0 0 0 0 0 0
-0.9624881744384766 1.4549938440322876 3.6696383953094482 -0.3530699592436513 -0.7264639478993584 -0.5895691106920076 0.5842121366813109 0.3210158983302362 -0.7454159727115383 0 0 0 0 0 0
-0.5245075225830078 1.2929579019546509 3.4773316383361816 -0.5815090457515406 -0.23096426175107723 -0.7800658558755873 0.7003850225204153 0.34569490991160445 -0.6244644501413072 0 0 0 0 0 0
-0.27041053771972656 1.1643242835998535 3.116711378097534 -0.7338901870646185 0.35848451622290306 -0.57696970887447 0.6647874398443895 0.20460350346139194 -0.7184671643133502 0 0 0 0 0 0
0.03219413757324219 1.169890284538269 2.55389404296875 -0.7472583800937516 0.6625756813193838 -0.05097430631029989 0.42110197115745907 0.4127878395248116 -0.807638117864518 0 0 0 0 0 0
0.022268295288085938 1.1894336938858032 2.1008450984954834 -0.43361749526619864 0.8845737179458337 0.171770792972941 0.32625131309194316 0.3318079362479423 -0.8851347773919317 0 0 0 0 0 0
-0.22042274475097656 1.3957146406173706 1.6706806421279907 0.2852235300805855 0.881174995919968 0.3770651992080598 0.4137259260562962 0.24167716200053013 -0.8777374365242886 0 0 0 0 0 0
-0.15075111389160156 1.6661102771759033 1.2144830226898193 0.5641939661723228 0.5449666916616875 0.6202390454607473 0.39668921951871244 0.4799094384785289 -0.7825117213031751 0 0 0 0 0 0
-1.183420181274414 1.5860238075256348 0.506094217300415 -0.5063426036742729 -0.46582018696746835 -0.725691891313353 -0.6685620163379868 -0.31946127645707934 0.6715424954196861 0 0 0 0 0 0
-1.6680850982666016 1.6293761730194092 0.6585271954536438 -0.034790000014804166 -0.8888377703891914 -0.4568994132503794 -0.7996242054402873 -0.24948303985009684 0.546222796028456 0 0 0 0 0 0
-2.1507434844970703 1.575858473777771 0.5930885672569275 0.29275869389065656 -0.9561792864644415 -0.003676858412881107 -0.9216254380267591 -0.28319947528997796 0.26533866883186435 0 0 0 0 0 0
-2.5873584747314453 1.241897463798523 0.5362892150878906 0.5585672109772991 -0.653668833800707 0.5106072135591756 -0.8228142810614607 -0.5144266114599856 0.24154072183196865 0 0 0 0 0 0
-2.813295364379883 0.7779874801635742 0.48381373286247253 0.5742094257660151 -0.16572968750863606 0.8017588203691638 -0.7228127336931964 -0.5625173093220551 0.4013926116958855 0 0 0 0 0 0
-3.082948684692383 0.2911747694015503 0.6968295574188232 0.46226462325772155 0.3503847880840932 0.8145808237146649 -0.6450148379373691 -0.4975073779705926 0.5800364365326159 0 0 0 0 0 0
-3.210786819458008 -0.12825454771518707 1.0970550775527954 0.09365070027172646 0.7692960302724949 0.6319914272722345 -0.6141883156748674 -0.4549586426307297 0.6448141952408256 0 0 0 0 0 0
-2.8885974884033203 -1.1855884790420532 0.5556842684745789 -0.4292487955779612 -0.7086926463639254 -0.5599108897713688 0.4249186918285738 0.38857655895448273 -0.8175893609666083 0 0 0 0 0 0
-2.546236038208008 -1.3341270685195923 0.17123529314994812 -0.8788829682799182 -0.2045070273600108 -0.43097749805280067 0.33963161072982995 0.3661660271491262 -0.8663560524142987 0 0 0 0 0 0
-2.3662586212158203 -1.3298561573028564 -0.38156983256340027 -0.9779318377475222 0.04441481755489983 -0.20414858486239634 0.2076843769920736 0.31295797148680327 -0.9267818015241125 0 0 0 0 0 0
-2.4429492950439453 -1.4488521814346313 -0.8365620374679565 -0.7317353540173711 0.6717691968665032 0.11528017098532455 0.14026775768957012 0.3139323094377918 -0.9390268692874527 0 0 0 0 0 0
-2.6595401763916016 -1.4081140756607056 -1.3220890760421753 -0.15720320507881547 0.9053066172363898 0.3945973658058967 0.10395999391898697 0.4125155680800908 -0.9049990197541234 0 0 0 0 0 0
-2.941987991333008 -1.2423502206802368 -1.6493264436721802 0.49949813290255873 0.792120367887074 0.350780469817384 0.08220800470946668 0.35974394683251365 -0.9294224748084448 0 0 0 0 0 0
-3.0983448028564453 -0.9505394101142883 -1.9894778728485107 0.917229430153045 0.33798787623770266 0.2108420450893214 0.048350500508026896 0.4309068716053036 -0.9011001593074733 0 0 0 0 0 0
2.9584789276123047 1.2028510570526123 2.638986349105835 -0.5056746883486478 -0.6690782248950378 -0.5446351425815298 -0.6371855537239985 -0.13595540445650964 0.7586242140378252 0 0 0 0 0 0
2.4861812591552734 1.2680062055587769 2.8508658409118652 -0.022087114965015284 -0.9056885387635202 -0.42336796064997845 -0.7348741473472308 -0.2724097609569176 0.6210900978892481 0 0 0 0 0 0
2.0358104705810547 1.0945301055908203 2.887634754180908 0.4192350052626277 -0.9045694400650458 0.07743473679721483 -0.7343043569036447 -0.28769037336781733 0.6148425493602495 0 0 0 0 0 0
1.6706066131591797 0.7187825441360474 3.061342477798462 0.7640475544032388 -0.5284669304522344 0.3700730171585374 -0.586381617525028 -0.32961815875915323 0.7399381514998112 0 0 0 0 0 0
1.3795299530029297 0.2819671630859375 3.196690797805786 0.8015507129244293 -0.10292051303491548 0.5890023960961184 -0.5178583234065006 -0.6119217451311576 0.5978081086053005 0 0 0 0 0 0
1.3057231903076172 -0.23181599378585815 3.3577089309692383 0.4867345333284355 0.3998979214482211 0.7766409379416866 -0.49531212248696965 -0.605989359492841 0.6224490320491388 0 0 0 0 0 0
1.380086898803711 -0.6207637786865234 3.723299741744995 -0.17871881787656907 0.8058679990167535 0.5644788324618875 -0.48974230841805094 -0.5704550489888451 0.6593432402235524 0 0 0 0 0 0
1.2901744842529297 -1.862877607345581 2.9477202892303467 -0.7159053145071937 -0.3404363158780439 -0.609575832437393 0.6270057228697902 0.07060714418646574 -0.7758082589650382 0 0 0 0 0 0
1.5841808319091797 -2.1378448009490967 2.5597147941589355 -0.801969546529141 0.3283714910585 -0.4990160421267651 0.5358788515252546 0.02633233859557719 -0.8438841534429132 0 0 0 0 0 0
1.6879558563232422 -2.2502169609069824 1.9866093397140503 -0.8269240582030689 0.5440123906112796 -0.1422923779630092 0.2983699515793211 0.21000731636166736 -0.9310597720174169 0 0 0 0 0 0
1.6144084930419922 -2.3274717330932617 1.4688546657562256 -0.3631768819913766 0.9219206334952962 0.1347772158884924 0.28988019595108816 0.24927939433103677 -0.9240288174928909 0 0 0 0 0 0
1.463979721069336 -2.2387197017669678 1.0456675291061401 0.23925844292414442 0.9128439637168906 0.3308644668065006 0.28209118214944995 0.26071188145672236 -0.9232842898158844 0 0 0 0 0 0
1.3943309783935547 -1.8794869184494019 0.640404224395752 0.6968858518567281 0.5131899613788369 0.5009852023981449 0.3171338180685684 0.4060324781391496 -0.8570669566220793 0 0 0 0 0 0
1.347555160522461 -1.4737261533737183 0.349069744348526 0.9238383221479335 0.08556527702477733 0.3730969550915205 0.3401208511719933 0.26368132137821654 -0.9026571704441707 0 0 0 0 0 0
0.1687755584716797 -1.5649629831314087 -0.6739187240600586 -0.4255463724195842 -0.5975847610744998 -0.679560695046488 -0.518729243567712 -0.45424397568279473 0.7242805964704273 0 0 0 0 0 0
-0.29302406311035156 -1.6533465385437012 -0.43510839343070984 0.23759947150535474 -0.8495743947024185 -0.47092445148494405 -0.4695728986524906 -0.5248546314107924 0.7099499339655856 0 0 0 0 0 0
-0.6614246368408203 -2.0421955585479736 -0.3333127796649933 0.8038454262739504 -0.5794429490769022 -0.13445593859519006 -0.34993310889211265 -0.6434360671675985 0.6808354035807737 0 0 0 0 0 0
-0.9641132354736328 -2.485487699508667 -0.2328324168920517 0.9599748459458214 -0.27226030094008086 0.06574666290628858 -0.2509536121445866 -0.7318499072749318 0.633575565953469 0 0 0 0 0 0
-1.0229969024658203 -2.9477460384368896 -0.11990538984537125 0.8286838943815585 0.2544367544178308 0.4985428178140112 -0.22689619244822212 -0.661530966337353 0.7147691224649168 0 0 0 0 0 0
-0.8742084503173828 -3.389681577682495 0.08518271893262863 0.4561592100444423 0.5695451528833947 0.6837668417806329 -0.14859075630212598 -0.7088303883212534 0.6895507724119402 0 0 0 0 0 0
-0.5654850006103516 -3.7593250274658203 0.3481307625770569 -0.23696907224181146 0.7370533988199673 0.6329280733928535 -0.20915944088091232 -0.6749117523176772 0.7076344076384828 0 0 0 0 0 0
-0.4634876251220703 -3.980229139328003 0.7665084004402161 -0.7287221648794664 0.6080697564414377 0.3149844086849923 -0.1550224941986833 -0.5944963384464311 0.789013390169144 0 0 0 0 0 0
-0.49253273010253906 -4.001213073730469 1.290102481842041 -0.969796057484742 0.17322742465001514 -0.17172031398810753 -0.24144676852233624 -0.5818188907728273 0.7766532278372364 0 0 0 0 0 0
-0.6388568878173828 -4.0119242668151855 1.7823668718338013 -0.8543831325066583 -0.2086378375199773 -0.4759198626272048 -0.3683754166615207 -0.40278439827999546 0.8378927621728648 0 0 0 0 0 0
-1.044351577758789 -3.964278221130371 2.195309638977051 -0.5480189013291304 -0.5647093784920263 -0.6170726064485137 -0.5828040985443096 -0.27139717827682136 0.7659523185834312 0 0 0 0 0 0
-1.4658985137939453 -3.889087200164795 2.455598831176758 -0.08737537465440585 -0.8560249950179136 -0.509496567023354 -0.6422270091170597 -0.3425705699832483 0.685703925424019 0 0 0 0 0 0
-1.929605484008789 -3.979597568511963 2.4811851978302 0.3090476998864393 -0.9504318265346708 -0.03418862829758817 -0.7104299014427929 -0.25460826879461435 0.6560975419839593 0 0 0 0 0 0
-2.412363052368164 -4.319880962371826 2.6299595832824707 0.6816524372758443 -0.6621389489270134 0.31132293052348536 -0.6883758457687291 -0.4361615059522359 0.5795703888982464 0 0 0 0 0 0
-3.668397903442383 -3.625995397567749 2.252687931060791 -0.39155958188007894 0.8772462181876144 0.2777051791260402 0.2103258251115688 0.379141453065612 -0.9011186413888209 0 0 0 0 0 0
-3.769716262817383 -3.396167755126953 1.7034482955932617 0.07753370619844903 0.8028201620698553 0.5911584489603986 0.2306616769372621 0.5624115033345471 -0.7940330545446236 0 0 0 0 0 0
-3.9796314239501953 -3.040665864944458 1.436805248260498 0.561081436391642 0.5240618060196968 0.6407392958201218 0.13314600068139307 0.7068459719523477 -0.69472362449919 0 0 0 0 0 0
-4.146844863891602 -2.538734197616577 1.4106343984603882 0.9852266397364343 0.07210647258409042 0.15533552383512927 0.048410417731648746 0.7527824980616163 -0.6564868178929109 0 0 0 0 0 0
-4.122537612915039 -2.0585122108459473 1.342197299003601 0.8695612056894555 -0.361243290830075 -0.3366995610186597 0.12831177900563717 0.8236812805074498 -0.552345214073605 0 0 0 0 0 0
-3.862070083618164 -1.5947099924087524 1.0345697402954102 0.7443919208736366 -0.6251699220964223 -0.23461295071672936 0.3566771304581029 0.6692973355033145 -0.6517840910119986 0 0 0 0 0 0
-3.463479995727539 -1.2936221361160278 0.8409886956214905 0.13078707042389123 -0.8282308911046348 -0.5449113076730547 0.5976923626786476 0.5043879763250069 -0.6231826449239264 0 0 0 0 0 0
-3.1501636505126953 -0.36582666635513306 1.6335536241531372 -0.2977378814843617 0.9075268347901073 0.29622153545117746 -0.38712388997739244 -0.39841388873974626 0.8315055424157105 0 0 0 0 0 0
-3.048746109008789 -0.3597465455532074 2.118600368499756 -0.7577916313958446 0.6471065168910384 -0.08369587315736039 -0.39038303437877575 -0.34685468236655437 0.8528147019075224 0 0 0 0 0 0
-3.1511402130126953 -0.2602636218070984 2.588196277618408 -0.8931217334966148 0.0762428769738516 -0.44330643224157257 -0.44538768669326645 -0.28782580441092803 0.84781254700389 0 0 0 0 0 0
-3.4023685455322266 -0.09313058853149414 2.936638832092285 -0.7599599187847206 -0.46001254990941637 -0.45918337923596225 -0.44443195041292244 -0.14773405899744158 0.8835467668801162 0 0 0 0 0 0
-3.802347183227539 0.0667525976896286 3.290501594543457 -0.3855899653181368 -0.8241792016913556 -0.41478792430030786 -0.5437716061355036 -0.16019602438158626 0.8238019629335372 0 0 0 0 0 0
-4.334299087524414 0.10927168279886246 3.4950084686279297 0.18779734319821334 -0.9676987824812665 -0.16819995324603082 -0.5192334033162028 -0.24317279965824823 0.8193068182232118 0 0 0 0 0 0
-4.754434585571289 -0.08121699839830399 3.663984537124634 0.6838470938420148 -0.70282936700046 0.19591843487932253 -0.5190885457523804 -0.2799524590589145 0.8075727226296996 0 0 0 0 0 0
