t = 0
b = 26 26 26
E = 0 0 0
-3.8214049339294434 0.7559192776679993 7.540460109710693 0.6327056884765625 0.766078382730484 0.11313676834106445 0.49347702514628733 -0.2862715972010458 -0.8213000963310328 0 0 0 0 0 0
-3.7554640769958496 0.9375446438789368 7.023987293243408 0.80169677734375 0.34731999039649963 0.48644065856933594 0.5706621077802276 -0.20267672123799105 -0.7957893508000223 0 0 0 0 0 0
-3.5160841941833496 1.1372689008712769 6.6157965660095215 0.6642532348632812 -0.41421011090278625 0.6222677230834961 0.5294503233337985 -0.3269292781584078 -0.7827924934359606 0 0 0 0 0 0
-3.0778517723083496 1.075053095817566 6.2761664390563965 0.3400993347167969 -0.6066198647022247 0.7185745239257812 0.6610266732731644 -0.3892739145444655 -0.6414867294000255 0 0 0 0 0 0
-2.570786952972412 1.1362580060958862 6.2350287437438965 -0.1343536376953125 -0.9573115408420563 0.25593042373657227 0.7786758888560873 -0.2617233677273025 -0.5702052145631492 0 0 0 0 0 0
-2.087876796722412 0.8550575375556946 6.093903064727783 -0.6868362426757812 -0.7131898403167725 -0.14006853103637695 0.5745240373740883 -0.4147074461348631 -0.705645965860598 0 0 0 0 0 0
-1.7427841424942017 0.43638116121292114 5.937657833099365 -0.8698651194572449 -0.2795657515525818 -0.40642261505126953 0.49242472927553954 -0.5409115306803396 -0.6818586050431853 0 0 0 0 0 0
-1.5801254510879517 -0.0377456396818161 5.859440326690674 -0.7570266723632812 0.13990670442581177 -0.6382369995117188 0.42556671136288116 -0.6356155515616297 -0.6441059180005453 0 0 0 0 0 0
-1.6099029779434204 -0.43076246976852417 5.625316143035889 -0.218353271484375 0.6297991052269936 -0.7454371452331543 0.3891026239580526 -0.6443281611727175 -0.6583507857124957 0 0 0 0 0 0
-1.813531517982483 -0.7556983828544617 5.323330402374268 0.4523277282714844 0.7433314621448517 -0.49279212951660156 0.22532274779105524 -0.6298719592559495 -0.7432828080287169 0 0 0 0 0 0
-1.7392288446426392 -0.9748603701591492 4.73527193069458 0.5927085876464844 0.7851263880729675 -0.17964601516723633 0.31226340150774906 -0.4296092067371122 -0.8473125604559347 0 0 0 0 0 0
-1.6773163080215454 -1.0263911485671997 4.258425235748291 0.7786178588867188 0.6202754378318787 0.0948190689086914 0.24548190249406712 -0.16204379765693808 -0.9557656157016345 0 0 0 0 0 0
-1.6509109735488892 -0.7695762515068054 3.7786781787872314 0.9534454345703125 -0.09234011173248291 0.2871060371398926 0.2786480846027208 -0.09443062423122929 -0.9557286960671145 0 0 0 0 0 0
-1.3325897455215454 -0.5042259097099304 3.3831427097320557 0.6532096862792969 -0.6178712844848633 0.4376411437988281 0.4321903008462036 -0.1703479315030753 -0.8855748404085173 0 0 0 0 0 0
-0.8687988519668579 -0.40985792875289917 3.1145541667938232 0.16592025756835938 -0.9643180668354034 0.20629048347473145 0.4844459450617653 -0.10250996134395779 -0.8688311778527912 0 0 0 0 0 0
-0.4031997621059418 -0.5139839053153992 2.8074519634246826 -0.4440689831972122 -0.8926944434642792 0.07675647735595703 0.4009044551372102 -0.27457782390193364 -0.8739961271626769 0 0 0 0 0 0
-0.09099731594324112 -0.8224479556083679 2.4931046962738037 -0.7731246761977673 -0.6337137520313263 0.025794506072998047 0.41726634237768945 -0.5388480963607556 -0.7318047892568245 0 0 0 0 0 0
0.17309418320655823 -1.3244906663894653 2.3918612003326416 -0.963134765625 -0.15694141387939453 -0.21851062774658203 0.26671192719782955 -0.6633810627418396 -0.6991310635047296 0 0 0 0 0 0
0.18475189805030823 -1.8196059465408325 2.1437575817108154 -0.7410812564194202 0.5172044038772583 -0.42812496423721313 0.052051604443591276 -0.5914761271884081 -0.8046447999209432 0 0 0 0 0 0
-0.07628021389245987 -2.210627794265747 1.8023024797439575 -0.1143646240234375 0.8765512704849243 -0.46752214431762695 0.17824224910240755 -0.44487203546938536 -0.8776862458493858 0 0 0 0 0 0
-0.22355040907859802 -2.429703950881958 1.303533673286438 0.21945953369140625 0.9380888938903809 -0.2680051326751709 0.2448042036467829 -0.3188618815245513 -0.9156398271766661 0 0 0 0 0 0
-0.395242303609848 -2.4019196033477783 0.7846914529800415 0.7913589291274548 0.61104416847229 -0.01960158348083496 0.19606688750075812 -0.28403241422564707 -0.9385501052872497 0 0 0 0 0 0
-0.4003616273403168 -2.3245766162872314 0.2795485258102417 0.950107560493052 0.08507907390594482 0.3001260757446289 0.311594042605872 -0.30452926312820044 -0.9000843639793618 0 0 0 0 0 0
-0.06237182766199112 -2.198197603225708 -0.22142182290554047 0.6730652041733265 -0.43547630310058594 0.5977982236072421 0.2594036632250016 -0.6179059659467604 -0.742188530753542 0 0 0 0 0 0
0.3916687071323395 -2.2076923847198486 -0.5581916570663452 0.14125823974609375 -0.7649338245391846 0.6284254789352417 0.17054543202939376 -0.6065087912382444 -0.7765917410773987 0 0 0 0 0 0
0.8841232061386108 -2.4852612018585205 -0.7410057783126831 -0.4067039489746094 -0.7930535078048706 0.4535102844238281 0.3406853677119445 -0.5922727277697991 -0.7301838377257422 0 0 0 0 0 0
1.2662948369979858 -2.82201886177063 -0.8176447153091431 -0.8361053466796875 -0.5476844310760498 0.03152906894683838 0.4212705445734403 -0.6778087874140364 -0.6025793349217095 0 0 0 0 0 0
1.4624236822128296 -3.3121578693389893 -0.8723057508468628 -0.9050941467285156 -0.008435845375061035 -0.4251044988632202 0.2997865157235385 -0.7216928063922743 -0.6239570092431236 0 0 0 0 0 0
1.4701446294784546 -3.870328187942505 -0.9609411954879761 -0.7129096984863281 0.33461689949035645 -0.6162780523300171 0.1395488564159801 -0.7935294100851051 -0.5922879820702305 0 0 0 0 0 0
1.215887427330017 -4.33474063873291 -1.1969887018203735 -0.06643295288085938 0.6846678256988525 -0.725821852684021 0.07665602862173268 -0.7217681966461553 -0.6878601771874672 0 0 0 0 0 0
0.9858230352401733 -4.611721992492676 -1.6254379749298096 0.4893684387207031 0.675351619720459 -0.5517387390136719 0.13743520431169942 -0.6844833915740227 -0.7159376130052815 0 0 0 0 0 0
0.9337218999862671 -4.816048622131348 -2.2119619846343994 0.8320426940917969 0.5516254901885986 0.05819141864776611 0.3473459083307033 -0.4363572091295658 -0.8300341715018362 0 0 0 0 0 0
1.1224578619003296 -4.871720314025879 -2.792949914932251 0.8053016662597656 0.21448612213134766 0.5527234077453613 0.5884343639006802 -0.4029708690197831 -0.7009573129645005 0 0 0 0 0 0
1.5369170904159546 -4.924805641174316 -3.210376262664795 0.6197547912597656 -0.08519768714904785 0.7801580429077148 0.6546739331555992 -0.49209126065551173 -0.5738098172925215 0 0 0 0 0 0
2.064924716949463 -4.867571830749512 -3.35361647605896 0.10990142822265625 -0.5949175357818604 0.796237587928772 0.7404827311565225 -0.48538171512499567 -0.4648640169913226 0 0 0 0 0 0
2.614302158355713 -5.005862236022949 -3.370556592941284 -0.3090476989746094 -0.7198584079742432 0.6215238571166992 0.846209652249166 -0.5064092015373937 -0.1657599697016339 0 0 0 0 0 0
3.0563721656799316 -5.17282772064209 -3.125227212905884 -0.5494308471679688 -0.833899974822998 -0.05243182182312012 0.8230477821884483 -0.5293351072807787 -0.20589228483353014 0 0 0 0 0 0
3.4635376930236816 -5.504012107849121 -2.967954158782959 -0.5985450744628906 -0.5527949333190918 -0.579788088798523 0.7459699581529238 -0.6484552059467346 -0.15183804827796313 0 0 0 0 0 0
3.6268601417541504 -6.014418601989746 -2.8887929916381836 -0.29293060302734375 -0.030018091201782227 -0.9556609392166138 0.6806173725201522 -0.70856078854628 -0.1863673690970598 0 0 0 0 0 0
3.6925644874572754 -6.564003944396973 -3.0436930656433105 0.05496978759765625 0.5449402332305908 -0.8366715908050537 0.7046645189978002 -0.6148384492437169 -0.35415920924000177 0 0 0 0 0 0
3.880842685699463 -6.933781623840332 -3.3478243350982666 0.2567481994628906 0.847480297088623 -0.46460509300231934 0.85822044296197 -0.42098996750074374 -0.29365616372063486 0 0 0 0 0 0
4.207106113433838 -7.113633155822754 -3.7280967235565186 0.3082275390625 0.9199213981628418 0.24238169193267822 0.9315281861312628 -0.2401613520767055 -0.27309436229984446 0 0 0 0 0 0
6.126402378082275 -4.705964088439941 -4.203733921051025 -0.7478904724121094 -0.5990469455718994 0.28600573539733887 -0.40295095019873844 0.7520786332898053 0.521553287705473 0 0 0 0 0 0
5.766165256500244 -4.321223258972168 -4.15996789932251 -0.36121368408203125 -0.7333338260650635 0.5759751796722412 -0.5892895111771901 0.6582241671109184 0.4684899993542759 0 0 0 0 0 0
5.300703525543213 -4.124747276306152 -4.061892032623291 0.13311386108398438 -0.6224429607391357 0.7712620496749878 -0.6694219766094528 0.5173718888062353 0.5330793009275723 0 0 0 0 0 0
4.911627292633057 -4.017233848571777 -3.778493881225586 0.6674766540527344 -0.2352440357208252 0.7064968347549438 -0.557086099213462 0.4718137899296968 0.6834189791403195 0 0 0 0 0 0
4.578535556793213 -3.99479603767395 -3.430964231491089 0.8110427856445312 0.006619691848754883 0.584946870803833 -0.5553280255081271 0.3230612586532952 0.7663195499414162 0 0 0 0 0 0
4.353987216949463 -4.124825477600098 -2.9959967136383057 0.784759521484375 0.5730044841766357 0.23626863956451416 -0.5179621159541726 0.3969446590316136 0.7577164409044101 0 0 0 0 0 0
4.3103928565979 -4.0424299240112305 -2.472633123397827 0.5352783203125 0.826449990272522 -0.17450809478759766 -0.19604139814129276 0.32251412127700546 0.9260606637190344 0 0 0 0 0 0
4.431227207183838 -3.9655392169952393 -2.019906997680664 -0.147552490234375 0.8889657258987427 -0.43355345726013184 -0.37401401534328194 0.35565846576796945 0.8565377102208237 0 0 0 0 0 0
4.5503830909729 -3.7617619037628174 -1.6277501583099365 -0.5554580688476562 0.6621164083480835 -0.5030611157417297 -0.20354752126067338 0.47830446120541614 0.854280586554043 0 0 0 0 0 0
4.6314377784729 -3.3398449420928955 -1.3409701585769653 -0.8748435974121094 0.2025991678237915 -0.4399973154067993 -0.17604742417520403 0.7132406490213618 0.6784494208888686 0 0 0 0 0 0
4.568289279937744 -2.751910448074341 -1.0948225259780884 -0.9029006958007812 -0.24204373359680176 -0.3552520275115967 -0.429122635496174 0.5559878084257125 0.7118376296372941 0 0 0 0 0 0
4.254004001617432 -2.2823574542999268 -1.0841819047927856 -0.704498291015625 -0.6941360235214233 0.1478421688079834 -0.5100034721922758 0.6400207046673156 0.5746997153972251 0 0 0 0 0 0
3.822218418121338 -2.002784013748169 -0.9657143354415894 -0.33466339111328125 -0.8414089679718018 0.4243028163909912 -0.6518208386621024 0.5318646831447408 0.5405930222936264 0 0 0 0 0 0
3.3451828956604004 -1.867848515510559 -0.9200140237808228 0.18564224243164062 -0.6159564852714539 0.7655930519104004 -0.7713921282379174 0.3912755212787663 0.5018484146128235 0 0 0 0 0 0
2.8098816871643066 -1.95106041431427 -0.6436530351638794 0.6702804565429688 -0.16597062349319458 0.723307728767395 -0.6444573564451065 0.353097977342641 0.6782328503391468 0 0 0 0 0 0
2.463942050933838 -2.1139252185821533 -0.1355949491262436 0.8834457397460938 0.29508620500564575 0.363939399830997 -0.4684408559880219 0.5406159008561368 0.6987805775202726 0 0 0 0 0 0
2.355268955230713 -2.0007317066192627 0.35535871982574463 0.6540870666503906 0.742071270942688 -0.14665007591247559 -0.4738162920966552 0.5530661304925218 0.6852869125090238 0 0 0 0 0 0
2.330923557281494 -1.6975852251052856 0.8307944536209106 0.5898857116699219 0.6242159008979797 -0.5122411251068115 -0.26509453157218604 0.7489099873717745 0.6073429695392616 0 0 0 0 0 0
2.454367160797119 -1.410950779914856 1.2502652406692505 -0.006771087646484375 0.6530332565307617 -0.757298469543457 -0.33823438740533956 0.7111707750995373 0.6162806352643125 0 0 0 0 0 0
2.540335178375244 -0.9698688387870789 1.5009742975234985 -0.4930686950683594 0.407293438911438 -0.7687556743621826 -0.3078093072152863 0.7448078976369757 0.5920301060191929 0 0 0 0 0 0
2.5796570777893066 -0.4837924838066101 1.6497365236282349 -0.8232498168945312 0.03479301929473877 -0.5666172504425049 -0.3222829002522228 0.7930331830442259 0.5169474759745754 0 0 0 0 0 0
2.422712802886963 0.0537002831697464 1.5572892427444458 -0.8740425109863281 -0.4811494052410126 0.06757020950317383 -0.3701180738793859 0.749435778102491 0.5489349303208095 0 0 0 0 0 0
2.1441407203674316 0.5200660824775696 1.5467110872268677 -0.5802729725837708 -0.7031318172812462 0.4109466075897217 -0.4636315142560774 0.700062923493409 0.543145203108951 0 0 0 0 0 0
1.7276901006698608 0.8036697506904602 1.7770863771438599 -0.23960113525390625 -0.8608794212341309 0.44886350631713867 -0.6787074141377365 0.47911009611428246 0.5565989477904413 0 0 0 0 0 0
1.2007659673690796 0.9101150631904602 1.8314372301101685 0.1328277587890625 -0.6701013445854187 0.7302883267402649 -0.6320958204803625 0.5102565851453549 0.5831717136501303 0 0 0 0 0 0
0.7980483770370483 0.870465099811554 2.1349375247955322 0.658111572265625 -0.11564701795578003 0.7439863681793213 -0.5665836306080713 0.574690911571614 0.5905169139108442 0 0 0 0 0 0
0.5285857915878296 0.8475692868232727 2.5344927310943604 0.8688545227050781 0.2470669150352478 0.42902112007141113 -0.4938845663681155 0.4925546069790128 0.7165612077542929 0 0 0 0 0 0
0.3932556211948395 0.8189628720283508 2.9889028072357178 0.7094763964414597 0.7011230289936066 0.07132530212402344 -0.4091264096528779 0.32735568683338795 0.8517162674336236 0 0 0 0 0 0
0.391165167093277 0.9182117581367493 3.5536763668060303 0.32396309077739716 0.8836479485034943 -0.3379642963409424 -0.1614589252223381 0.4036218002656543 0.9005473259233647 0 0 0 0 0 0
0.5847457647323608 1.0909584760665894 3.973921537399292 -0.2416800707578659 0.7936131954193115 -0.5583608150482178 -0.2526474640900582 0.5041120591904621 0.8258635396930765 0 0 0 0 0 0
0.6330474615097046 1.398436427116394 4.312705993652344 -0.6855582445859909 0.4463762044906616 -0.5751073360443115 -0.25602893797154264 0.5916716257255522 0.764432752499795 0 0 0 0 0 0
0.6350158452987671 1.9099243879318237 4.523971080780029 -0.8991812914609909 -0.15662848949432373 -0.4085993766784668 -0.43419485345359965 0.43536084980159406 0.7886208231744376 0 0 0 0 0 0
0.3234237730503082 2.33020281791687 4.623829364776611 -0.7252693362534046 -0.6617134809494019 -0.19009828567504883 -0.6118080960388753 0.4928300304039902 0.6186977245791523 0 0 0 0 0 0
-0.17469939589500427 2.6606967449188232 4.8002543449401855 -0.2927207946777344 -0.9379130601882935 0.18608570098876953 -0.5203498813248976 0.31952427658813376 0.7919402753908124 0 0 0 0 0 0
-0.7002350091934204 2.7310073375701904 4.963263034820557 0.2783012390136719 -0.8100825548171997 0.5160617828369141 -0.49993105521852815 0.3366051423985432 0.7979846590145352 0 0 0 0 0 0
-1.1675888299942017 2.49865984916687 5.288493633270264 0.7804107666015625 -0.34591615200042725 0.5208849906921387 -0.4951234448323046 0.16688533781743714 0.8526411952030687 0 0 0 0 0 0
-1.4082733392715454 2.2837092876434326 5.759331226348877 0.9095191955566406 0.17210423946380615 0.3783273696899414 -0.39777668925977383 0.09641248564563046 0.9124175636374918 0 0 0 0 0 0
-1.4583526849746704 2.160710096359253 6.282398700714111 0.6259346008300781 0.76244056224823 0.16402959823608398 -0.2502987330982485 -0.0027994637583941503 0.9681488220406758 0 0 0 0 0 0
-1.376336693763733 1.9800423383712769 6.693453311920166 0.2512550354003906 0.9676197171211243 0.024242401123046875 0.055781043320211575 -0.03947890401173232 0.9976444905451785 0 0 0 0 0 0
-1.2959610223770142 2.0315043926239014 7.2498555183410645 -0.19063949584960938 0.9759378433227539 -0.10581493377685547 -0.008091581752874836 0.10622470753803151 0.994295259590884 0 0 0 0 0 0
-0.9880005121231079 2.2871673107147217 7.628171443939209 -0.6920242309570312 0.7067382335662842 -0.14708280563354492 0.1483447847819156 0.338625770880736 0.9291473123484731 0 0 0 0 0 0
-0.7685791254043579 2.701777219772339 7.817840099334717 -0.9832572937011719 0.1376265287399292 0.11944293975830078 0.15469573606338147 0.2839562161804299 0.9462744526421364 0 0 0 0 0 0
-1.8341766595840454 5.776938438415527 6.461925983428955 0.8482551574707031 0.4415130615234375 -0.29247522354125977 0.17181633895002812 -0.7518121393460372 -0.6366036118433537 0 0 0 0 0 0
-1.7068649530410767 5.6418256759643555 5.995361804962158 0.9364128112792969 0.3197324275970459 0.14462947845458984 0.29465101185711057 -0.4925363507334641 -0.8188865819411192 0 0 0 0 0 0
-1.5458160638809204 5.649069786071777 5.50214147567749 0.8412933349609375 -0.24405241012573242 0.48235416412353516 0.29183005119181565 -0.5460626222971453 -0.7852789593896197 0 0 0 0 0 0
-1.177423119544983 5.565001487731934 5.095036029815674 0.4564094543457031 -0.5979204177856445 0.6589150428771973 0.43790900257824594 -0.49372311591783413 -0.7513456340259896 0 0 0 0 0 0
-0.7138153314590454 5.487795829772949 4.919623851776123 0.01270294189453125 -0.8755826950073242 0.48290014266967773 0.47750191410521814 -0.4190160536879103 -0.7723105703530752 0 0 0 0 0 0
-0.307931512594223 5.376219749450684 4.661655902862549 -0.3773307800292969 -0.8836638927459717 0.27704477310180664 0.5340023135394331 -0.4520277228369885 -0.7144876456961973 0 0 0 0 0 0
0.03018035925924778 5.073855400085449 4.533559322357178 -0.8568382123485208 -0.4606902599334717 -0.2315044403076172 0.4716087030344968 -0.518846344667488 -0.7130096529740508 0 0 0 0 0 0
0.20031586289405823 4.6559648513793945 4.292913913726807 -0.8615303039550781 0.00455021858215332 -0.5076706409454346 0.3731995288014244 -0.6722933562731751 -0.6393550444478868 0 0 0 0 0 0
0.18031921982765198 4.179388999938965 4.150040626525879 -0.5525016970932484 0.45294642448425293 -0.6997019052505493 0.36534310947809473 -0.6229202731189982 -0.691726283470194 0 0 0 0 0 0
0.15277710556983948 3.823847532272339 3.7780306339263916 0.0872802734375 0.8585542440414429 -0.5052411556243896 0.4175990426401865 -0.49199841395816984 -0.7639107848599423 0 0 0 0 0 0
-0.01371917687356472 3.7165687084198 3.2330052852630615 0.6640815874561667 0.7446891069412231 -0.06655097007751465 0.4405600751953031 -0.46167620507475093 -0.7698972184469415 0 0 0 0 0 0
0.22691956162452698 3.656569242477417 2.6370856761932373 0.6877516955137253 0.5901861190795898 0.42268872261047363 0.6114963798592199 -0.15719521633976782 -0.7754719249543502 0 0 0 0 0 0
0.391439825296402 3.777630567550659 2.145951509475708 0.6964301317930222 0.11231064796447754 0.7087874412536621 0.7149791543610118 -0.1932962316399133 -0.6718852140410607 0 0 0 0 0 0
0.7905639410018921 4.005667686462402 1.9482561349868774 0.4481697082519531 -0.5265897512435913 0.7223895192146301 0.7735997989620165 -0.17650622094648707 -0.6086056780886219 0 0 0 0 0 0
1.2901443243026733 4.075760841369629 1.8609944581985474 -0.0275421142578125 -0.9349006414413452 0.3538408875465393 0.7335207014988313 -0.25938095513754555 -0.6282278792197842 0 0 0 0 0 0
1.8256973028182983 3.883507490158081 1.8886781930923462 -0.43903350830078125 -0.8956253528594971 -0.07145881652832031 0.7573939011012235 -0.3261389554726241 -0.5656822552283395 0 0 0 0 0 0
2.2466797828674316 3.5883166790008545 1.7695494890213013 -0.6939318776130676 -0.6426548957824707 -0.3247523307800293 0.7037858010048362 -0.5100666434351931 -0.49447705691299404 0 0 0 0 0 0
2.509535312652588 3.121189832687378 1.6546765565872192 -0.7595634460449219 -0.09597897529602051 -0.6433320045471191 0.568782007223771 -0.5777693832277765 -0.5853467656419671 0 0 0 0 0 0
2.6197495460510254 2.692415952682495 1.37789785861969 -0.5447769165039062 0.3423243761062622 -0.7655274868011475 0.43295772704065305 -0.6669870081898976 -0.606367890071482 0 0 0 0 0 0
2.4378342628479004 2.253075361251831 1.08193838596344 0.09433746337890625 0.6696063280105591 -0.736701488494873 0.3439228973945212 -0.71635898310384 -0.6070758664939632 0 0 0 0 0 0
2.337179660797119 1.965920329093933 0.6654406785964966 0.4803276062011719 0.7674506306648254 -0.4246187210083008 0.4120582529422183 -0.6248192388430862 -0.6631713363503942 0 0 0 0 0 0
2.3486390113830566 1.8519753217697144 0.1616739183664322 0.8077239990234375 0.5883225798606873 0.03785848617553711 0.4548793259217145 -0.5810892218233804 -0.6748563050234005 0 0 0 0 0 0
2.3720078468322754 1.870158076286316 -0.3211311101913452 0.9211349487304688 -0.0794076919555664 0.3810674324631691 0.2936304441465957 -0.5009129853086751 -0.8141593369530467 0 0 0 0 0 0
2.6917710304260254 1.6805695295333862 -0.6891814470291138 0.8259201049804688 -0.07896125316619873 0.558243989944458 0.5279221154537223 -0.23921900667001098 -0.8148955112085445 0 0 0 0 0 0
3.162733554840088 1.685332179069519 -1.1409062147140503 0.312957763671875 -0.5433499813079834 0.7789880037307739 0.3997138371365155 -0.6686881462452204 -0.6269996944792018 0 0 0 0 0 0
3.6429505348205566 1.4992111921310425 -1.2729135751724243 -0.3922462463378906 -0.729750394821167 0.5600112676620483 0.40397082989788796 -0.6836057329555005 -0.6078547549408707 0 0 0 0 0 0
3.9657959938049316 1.1489876508712769 -1.320414662361145 -0.8314132690429688 -0.5494438111782074 0.08288562297821045 0.42053544768586465 -0.7196884027057473 -0.5524430641787742 0 0 0 0 0 0
4.067389011383057 0.5913723111152649 -1.4219590425491333 -0.9763526916503906 -0.14468014240264893 -0.1606309413909912 0.20851403385965236 -0.8263933152646824 -0.5230656992051537 0 0 0 0 0 0
4.077833652496338 0.058892086148262024 -1.4439867734909058 -0.7195472717285156 0.2985808253288269 -0.6269615888595581 0.20752343059561962 -0.7691501357395938 -0.6044651018016661 0 0 0 0 0 0
3.9286255836486816 -0.4447929263114929 -1.6257696151733398 -0.3505706787109375 0.6066030636429787 -0.7135316729545593 0.07489212557031232 -0.7413004761122799 -0.6670063029021364 0 0 0 0 0 0
3.6941208839416504 -0.7951862215995789 -1.9596964120864868 0.3155517578125 0.7501071691513062 -0.5811753869056702 0.19117228393507973 -0.6501698637463901 -0.7353586117901386 0 0 0 0 0 0
3.5820069313049316 -0.882311999797821 -2.436896800994873 0.7967948913574219 0.5817650258541107 -0.16331613063812256 0.2611502364010492 -0.5752790093482408 -0.7751471517909999 0 0 0 0 0 0
3.686842441558838 -0.8847610354423523 -3.0276379585266113 0.9256362915039062 0.17934516072273254 0.33319711685180664 0.3779044479768737 -0.48331393529320493 -0.7896888750105082 0 0 0 0 0 0
3.9442429542541504 -0.764474093914032 -3.4669480323791504 0.7465744018554688 -0.24075955152511597 0.6202048063278198 0.553280504543986 -0.293026057910652 -0.7797648117069528 0 0 0 0 0 0
4.40298318862915 -0.7971431612968445 -3.7357139587402344 0.2980613708496094 -0.5190737545490265 0.8010739088058472 0.7897058647870258 -0.3373503594675696 -0.5124252903525548 0 0 0 0 0 0
4.859724521636963 -0.6953269839286804 -3.8619115352630615 -0.021190643310546875 -0.9128548204898834 0.40773332118988037 0.8981012665492621 -0.19656126348998207 -0.39339574414502737 0 0 0 0 0 0
5.374022006988525 -0.7396804690361023 -3.9477081298828125 -0.23693084716796875 -0.9227137267589569 0.304068922996521 0.9373039221763891 -0.2994388527601687 -0.17831525463807563 0 0 0 0 0 0
5.809637546539307 -0.830035388469696 -3.6357038021087646 -0.2826881408691406 -0.857723206281662 -0.4294168949127197 0.9471206773045328 -0.17873423428509555 -0.2664899408903999 0 0 0 0 0 0
6.214361667633057 -1.1066123247146606 -3.5033135414123535 -0.3178215026855469 -0.4658445715904236 -0.8258169889450073 0.9341015955802764 -0.3032299099003422 -0.1884431628079836 0 0 0 0 0 0
6.506514072418213 -1.5241996049880981 -3.5117218494415283 -0.24265289306640625 -0.0009763240814208984 -0.9701097011566162 0.8557754160330913 -0.4712137890186148 -0.21358030220581253 0 0 0 0 0 0
6.705481052398682 -1.9561244249343872 -3.6801459789276123 -0.05435943603515625 0.5146655440330505 -0.855666995048523 0.8208901295265648 -0.46483375524769355 -0.33173774804913864 0 0 0 0 0 0
6.948324680328369 -2.276801347732544 -3.960871696472168 0.0800323486328125 0.7434505224227905 -0.6639862060546875 0.614465658635119 -0.5613120559603414 -0.5544250890670306 0 0 0 0 0 0
3.230421543121338 -0.674644947052002 -7.783438205718994 -0.7999992370605469 -0.599219799041748 0.030546188354492188 -0.38100304155322545 0.5466754836403985 0.7456455981805762 0 0 0 0 0 0
2.8735947608947754 -0.44539690017700195 -7.681921482086182 -0.2735137939453125 -0.8195008337497711 0.5036008358001709 -0.4745869784242387 0.5703612426692147 0.6703829796940276 0 0 0 0 0 0
2.446394443511963 -0.1891019195318222 -7.448227405548096 0.2710723876953125 -0.7287633791565895 0.6288254261016846 -0.4032626954950076 0.5072043516014098 0.7616507206163792 0 0 0 0 0 0
2.048231601715088 -0.25952351093292236 -7.1019792556762695 0.7443046569824219 -0.3696613013744354 0.5562090873718262 -0.4232248254511261 0.38317716968206755 0.821011360841392 0 0 0 0 0 0
1.7423995733261108 -0.36807602643966675 -6.652198791503906 0.9409525990486145 0.14178842306137085 0.30744194984436035 -0.33709514980777344 0.30807612940848206 0.8896278757830165 0 0 0 0 0 0
1.7708572149276733 -0.5483448505401611 -6.157229900360107 0.6954577565193176 0.7173269987106323 0.04219532012939453 -0.24567357991012181 0.18217894093081183 0.9520895604296072 0 0 0 0 0 0
1.9018539190292358 -0.5303027033805847 -5.641202449798584 0.4206278920173645 0.8835244551301003 -0.2060389518737793 -0.054523105729194776 0.25131508640800687 0.9663662329124671 0 0 0 0 0 0
2.1562256813049316 -0.4510384202003479 -5.185963153839111 -0.10446548461914062 0.9500685706734657 -0.2940380573272705 -0.004164365978100582 0.2952406029183846 0.955433635642581 0 0 0 0 0 0
2.538809299468994 -0.20546601712703705 -4.85280179977417 -0.6817245483398438 0.6865616142749786 -0.25275468826293945 0.02847287749394833 0.37011378410905044 0.928549571708362 0 0 0 0 0 0
2.605276584625244 0.17695696651935577 -4.483421802520752 -0.9349441528320312 0.22693123668432236 -0.2727162837982178 -0.11115763387988054 0.5426185494629135 0.8325989015166904 0 0 0 0 0 0
2.485678195953369 0.7140933871269226 -4.240143299102783 -0.9052085876464844 -0.4248926043510437 -0.008552074432373047 -0.23166585020065017 0.4764800087867477 0.8481082886729 0 0 0 0 0 0
2.212759494781494 1.0926285982131958 -4.035051345825195 -0.5212211608886719 -0.8316831290721893 0.19139468669891357 -0.4010151084298355 0.4366450226301193 0.8053135696895701 0 0 0 0 0 0
1.819860816001892 1.3100639581680298 -3.808661699295044 -0.01495361328125 -0.9109653532505035 0.41221141815185547 -0.36656373495209704 0.38855824971388875 0.8453954343041217 0 0 0 0 0 0
1.3270171880722046 1.2722119092941284 -3.558042287826538 0.5943870544433594 -0.5449098348617554 0.591428279876709 -0.5422075568478012 0.2715843502777316 0.7951431341271079 0 0 0 0 0 0
1.0322860479354858 1.0622962713241577 -3.2451813220977783 0.7733154296875 0.17316758632659912 0.6099134683609009 -0.6340200428732222 0.21306113841052285 0.7433877465026826 0 0 0 0 0 0
0.7957214117050171 0.9008663296699524 -2.7774534225463867 0.7542610168457031 0.5938883125782013 0.28000950813293457 -0.5383785891972535 0.3153123366147068 0.7814651440507288 0 0 0 0 0 0
0.6910690069198608 0.8833633065223694 -2.2258198261260986 0.648193359375 0.7548613846302032 -0.10009527206420898 -0.4043992483230734 0.4526368678744915 0.7947346950426399 0 0 0 0 0 0
0.6991027593612671 1.0627187490463257 -1.688376784324646 0.18993377685546875 0.8101218938827515 -0.5546426773071289 -0.4593832117532282 0.5726055951136231 0.6790460888397657 0 0 0 0 0 0
0.8498595952987671 1.4876312017440796 -1.303526520729065 -0.30643463134765625 0.5809134244918823 -0.7540810108184814 -0.28595372710932304 0.6994340923543102 0.6550181899011451 0 0 0 0 0 0
1.043981909751892 1.9944862127304077 -1.1722501516342163 -0.8707237243652344 0.06397038698196411 -0.4876136779785156 -0.3609676666410793 0.5902512754009855 0.722009511785393 0 0 0 0 0 0
0.8617004156112671 2.482855796813965 -1.0572985410690308 -0.8582687377929688 -0.4527747631072998 -0.24158954620361328 -0.49250646701561956 0.59436071101257 0.6357533928306635 0 0 0 0 0 0
0.5541595220565796 2.850186586380005 -1.0759268999099731 -0.669250413775444 -0.7123309373855591 0.21136701107025146 -0.5476706548013002 0.6651614096456883 0.5075826997029165 0 0 0 0 0 0
0.08222808688879013 3.090054750442505 -1.04529869556427 -0.10589599609375 -0.7713735103607178 0.6275105476379395 -0.7399610356869973 0.4826830017784733 0.468470166175257 0 0 0 0 0 0
-0.4263015687465668 3.2192389965057373 -0.8118349313735962 0.3531837463378906 -0.6385946273803711 0.6837135553359985 -0.7147617980766846 0.28735275584333386 0.6376123044894 0 0 0 0 0 0
-0.9016205072402954 3.1061923503875732 -0.519577145576477 0.7718658447265625 -0.17866015434265137 0.6101781129837036 -0.5815892313840528 0.1893345383001872 0.7911385068217336 0 0 0 0 0 0
-1.256433129310608 2.923003911972046 -0.11000548303127289 0.8372688293457031 0.3033614158630371 0.4549199342727661 -0.5229264357636683 0.201140296030225 0.8283035570144854 0 0 0 0 0 0
-1.3432327508926392 2.805361270904541 0.3669236898422241 0.6401252746582031 0.7493752241134644 0.1693803071975708 -0.4488269363083769 0.18583059455223755 0.8740604199400194 0 0 0 0 0 0
-1.3407913446426392 2.8309621810913086 0.9150153398513794 0.157012939453125 0.9165781736373901 -0.3677403926849365 -0.31965167137360856 0.3994730197683174 0.8591898215105299 0 0 0 0 0 0
-1.133966088294983 3.1032145023345947 1.403478741645813 -0.3983116149902344 0.7591497898101807 -0.5148196220397949 -0.3837502021958915 0.3718617270914497 0.8452492797870915 0 0 0 0 0 0
-1.1068817377090454 3.4733588695526123 1.7667433023452759 -0.6265068054199219 0.44162869453430176 -0.6422209739685059 -0.2162205847913927 0.6931575046403639 0.6875856280369875 0 0 0 0 0 0
-1.1056381464004517 3.9881250858306885 1.8542033433914185 -0.9578895568847656 -0.03284573554992676 -0.2852654457092285 -0.22522518254034926 0.7021833770978303 0.6754309843315263 0 0 0 0 0 0
-1.3401275873184204 4.50873327255249 2.0313608646392822 -0.7945823669433594 -0.606003999710083 -0.0373387336730957 -0.43255722855401424 0.5218611944851443 0.7352251308728778 0 0 0 0 0 0
-1.7437607049942017 4.817442417144775 2.015310525894165 -0.42018890380859375 -0.8051133155822754 0.4186069965362549 -0.5851936329072561 0.592985922149642 0.5530939345596684 0 0 0 0 0 0
-2.255876064300537 4.986452579498291 2.1964986324310303 0.07825851440429688 -0.796273946762085 0.5998551845550537 -0.7031754817543446 0.38244959740192935 0.5994182065711984 0 0 0 0 0 0
-2.7049880027770996 4.999695301055908 2.424142599105835 0.4939079284667969 -0.46853184700012207 0.7324886322021484 -0.7746955073566206 0.14542191108714236 0.6153857275188263 0 0 0 0 0 0
-3.095284938812256 4.698453426361084 2.716196298599243 0.6945610046386719 0.13128042221069336 0.7073581218719482 -0.719380358906638 0.1387121395652502 0.6806217977360031 0 0 0 0 0 0
-3.343339443206787 4.50690221786499 3.078082799911499 0.5959510803222656 0.6799101829528809 0.42728185653686523 -0.6776461854871043 0.14031652836084232 0.7218685631730233 0 0 0 0 0 0
-3.4356017112731934 4.3490729331970215 3.676332712173462 0.3273773193359375 0.9331011772155762 0.14882922172546387 -0.6159532698201224 0.09130136023933995 0.7824788857931697 0 0 0 0 0 0
-3.431993007659912 4.5001044273376465 4.193253517150879 -0.14127731323242188 0.9440732002258301 -0.2979397773742676 -0.2547744527755939 0.2561553039205123 0.9324810877684758 0 0 0 0 0 0
-3.3945555686950684 4.886871814727783 4.669691562652588 -0.5647087097167969 0.5182850360870361 -0.6422567367553711 -0.4992291627773261 0.40516394159652547 0.7659078314095827 0 0 0 0 0 0
-3.3761534690856934 5.305442810058594 5.009402751922607 -0.8894729614257812 0.013431310653686523 -0.45676231384277344 -0.3570225772944714 0.6034840513459918 0.7129912013762434 0 0 0 0 0 0
-3.6132445335388184 5.833914279937744 5.148385524749756 -0.8652687072753906 -0.4459667205810547 -0.2289748191833496 -0.4765032311450261 0.5897425855225283 0.6520270154832191 0 0 0 0 0 0
-6.215508937835693 4.290305137634277 3.6725385189056396 0.8826446533203125 -0.3967273235321045 -0.2521371841430664 0.026803245384514406 0.5779712239886555 -0.8155847232141571 0 0 0 0 0 0
-6.241471767425537 3.7589309215545654 3.7569544315338135 0.8417129516601562 0.05027890205383301 0.537574291229248 0.5398652470069996 -0.06377888776384566 -0.8393348518848798 0 0 0 0 0 0
-5.90292501449585 3.939255475997925 3.3795292377471924 0.6248283386230469 -0.42607784271240234 0.6542468070983887 0.7083885551253262 -0.04297334791300425 -0.7045219485528548 0 0 0 0 0 0
-5.499635219573975 4.097947120666504 3.135017156600952 0.2752876281738281 -0.8155995607376099 0.5089378356933594 0.6729082380869461 -0.21460366754643537 -0.7078938616035747 0 0 0 0 0 0
-5.021661281585693 4.026198387145996 2.946607828140259 -0.18236160278320312 -0.9307664632797241 0.3168916702270508 0.711690009322886 -0.34733699337808593 -0.6106335769860247 0 0 0 0 0 0
-4.511361598968506 3.7293002605438232 2.996131181716919 -0.6996345520019531 -0.6497287750244141 -0.2972555160522461 0.6629096485014307 -0.4350615479945771 -0.6093158193118091 0 0 0 0 0 0
-4.237626552581787 3.309715986251831 2.8575589656829834 -0.8448600769042969 -0.27045726776123047 -0.4615795612335205 0.5026878687475992 -0.6965853750638787 -0.5119471354304508 0 0 0 0 0 0
-4.065515041351318 2.8180510997772217 2.7157390117645264 -0.6591987609863281 0.23775756359100342 -0.7134020328521729 0.29687709744391233 -0.7893356109283852 -0.537384965077095 0 0 0 0 0 0
-4.192979335784912 2.357731580734253 2.539726495742798 -0.11369705200195312 0.6409019231796265 -0.7591545581817627 0.2055646340857622 -0.7324156047160787 -0.6491150678209198 0 0 0 0 0 0
-4.347726345062256 2.011337995529175 2.143423318862915 0.4601287841796875 0.7492327690124512 -0.4763665795326233 0.11093355885348621 -0.5808487164530683 -0.8064108297067726 0 0 0 0 0 0
-4.369805812835693 1.8650883436203003 1.636670708656311 0.8885955810546875 0.4579886794090271 0.024945735931396484 0.23576051875884152 -0.40941958044903975 -0.8813619386767421 0 0 0 0 0 0
-4.254373073577881 1.7982300519943237 1.1111418008804321 0.8510398864746094 0.4505777359008789 0.26964545249938965 0.37711482150448017 -0.1671292636258277 -0.9109555803627536 0 0 0 0 0 0
-4.008309841156006 1.9818543195724487 0.6262212991714478 0.7629585266113281 -0.1942741870880127 0.6165671348571777 0.5385839079880225 -0.3364588501097605 -0.7724746058660433 0 0 0 0 0 0
-3.5391860008239746 2.0773627758026123 0.2558668851852417 0.3465843200683594 -0.6300345063209534 0.6949430704116821 0.5869488574434433 -0.43222289711988954 -0.6845778172845863 0 0 0 0 0 0
-3.077134609222412 1.9813240766525269 0.12294401228427887 -0.13885498046875 -0.8314955234527588 0.5378985032439232 0.7311560168012315 -0.4524187080232962 -0.5106158027187453 0 0 0 0 0 0
-2.6143202781677246 1.851357340812683 0.17428793013095856 -0.35930633544921875 -0.923277735710144 -0.13588964939117432 0.8753278312660326 -0.2829342097629458 -0.3921121223195929 0 0 0 0 0 0
-2.1640944480895996 1.5630253553390503 0.1781987100839615 -0.6360816955566406 -0.5395275354385376 -0.55164635181427 0.7700443321065641 -0.3981455997421916 -0.49850885325551686 0 0 0 0 0 0
-1.8939529657363892 1.1231392621994019 0.16423429548740387 -0.5689427256584167 0.0693511962890625 -0.8194452524185181 0.750236430440918 -0.3643577659069551 -0.5517271657036177 0 0 0 0 0 0
-1.7884613275527954 0.6859977841377258 -0.09218011796474457 -0.4072761535644531 0.5848264694213867 -0.7014996185898781 0.5539749118676203 -0.4524733742339616 -0.6988445385366523 0 0 0 0 0 0
-1.7849212884902954 0.35398179292678833 -0.5473901033401489 0.09260177612304688 0.9268340468406677 -0.36387085914611816 0.6381448098204616 -0.335756021969814 -0.692819343576768 0 0 0 0 0 0
-1.7711197137832642 0.1304214745759964 -1.0297101736068726 0.2362823486328125 0.9658163413405418 -0.10664641857147217 0.18103324789777422 -0.15158788471648868 -0.9717259763867955 0 0 0 0 0 0
-1.9240127801895142 0.2518318295478821 -1.4549185037612915 0.8574676513671875 0.5116218328475952 0.05468904972076416 0.21981608185633206 -0.26814525747652995 -0.9379612848361113 0 0 0 0 0 0
-1.837274193763733 0.4892624020576477 -1.9628297090530396 0.9598731994628906 -0.04429280757904053 0.27689844369888306 0.2650272941469 -0.17937891963395677 -0.9474151939768333 0 0 0 0 0 0
-1.5449539422988892 0.6632831692695618 -2.377068042755127 0.5923271179199219 -0.6394416093826294 0.4901665449142456 0.3995545235694214 -0.29517434991061847 -0.8678963204791671 0 0 0 0 0 0
-1.148858666419983 0.6335704922676086 -2.7225332260131836 0.19330978393554688 -0.8367866277694702 0.5122649669647217 0.5658669770627386 -0.3314427441393302 -0.7549500828267686 0 0 0 0 0 0
-0.6883713006973267 0.4313820004463196 -2.93042254447937 -0.46199798583984375 -0.8578049764037132 0.22524118423461914 0.31066948272237227 -0.39440715528230236 -0.8648318286581321 0 0 0 0 0 0
-0.5080124139785767 0.0601700097322464 -3.3217740058898926 -0.89447021484375 -0.42554110288619995 0.1372295618057251 0.11136623569615198 -0.5092843263593205 -0.8533703060125799 0 0 0 0 0 0
-0.3631225526332855 -0.3437950015068054 -3.5845701694488525 -0.9963417798280716 -0.05736097693443298 -0.06336748600006104 0.08533405233540442 -0.709839981069002 -0.6991719192160885 0 0 0 0 0 0
-0.325509637594223 -0.9054481387138367 -3.6645610332489014 -0.7868195325136185 0.4185788333415985 -0.4535341262817383 0.0837296113889276 -0.6556732352464553 -0.7503978462294144 0 0 0 0 0 0
-0.6007934808731079 -1.2881251573562622 -3.804966926574707 -0.18901824951171875 0.6582200527191162 -0.7287108898162842 0.007173557382635786 -0.7411343752931866 -0.6713024982513945 0 0 0 0 0 0
-0.8132797479629517 -1.677878499031067 -4.212521076202393 0.11541366577148438 0.8292403817176819 -0.5468475818634033 0.08523610714728125 -0.5567761561701295 -0.8263067729990142 0 0 0 0 0 0
-1.036431908607483 -1.8309813737869263 -4.628830432891846 0.7465934753417969 0.6082084774971008 -0.26958227157592773 0.12003533943074653 -0.5217206868789507 -0.8446302573417709 0 0 0 0 0 0
-1.2252594232559204 -1.755726933479309 -5.193203449249268 0.9454154968261719 0.3222459554672241 -0.04837632179260254 0.09885798305140091 -0.4251019851816425 -0.899727896029383 0 0 0 0 0 0
-1.1044174432754517 -1.771565556526184 -5.758923053741455 0.8940315246582031 -0.1695588231086731 0.4147028923034668 0.3524560477074336 -0.3052271878079244 -0.8846352105591428 0 0 0 0 0 0
-0.8676086664199829 -1.6707888841629028 -6.159969806671143 0.5890083312988281 -0.6618031859397888 0.4637730121612549 0.6065025389882163 -0.017248317657186322 -0.7948932566766059 0 0 0 0 0 0
-0.383920282125473 -1.5124942064285278 -6.420260429382324 -0.02262115478515625 -0.9641540050506592 0.2643764019012451 0.5188021590686152 -0.2373710264244404 -0.8212772407276002 0 0 0 0 0 0
0.11112823337316513 -1.692179799079895 -6.541030406951904 -0.48145294189453125 -0.8749136328697205 -0.05231022834777832 0.5329894164827947 -0.24487301440232082 -0.8099101319177584 0 0 0 0 0 0
0.5269378423690796 -2.011767625808716 -6.651332855224609 -0.7681464403867722 -0.45974671840667725 -0.4456186294555664 0.6284144613989191 -0.4080247415979509 -0.6622844650667542 0 0 0 0 0 0
0.7310851812362671 -2.4076778888702393 -6.851290702819824 -0.7146643847227097 0.1516878604888916 -0.6828248500823975 0.5203728529900719 -0.5370206707310343 -0.663935211694982 0 0 0 0 0 0
0.7974227666854858 -2.8548977375030518 -7.233730316162109 -0.4592323303222656 0.6825923919677734 -0.5684769153594971 0.3727258873405351 -0.4328333093479118 -0.8208187336347064 0 0 0 0 0 0
0.7916702032089233 -3.081397294998169 -7.668177127838135 -0.14476776123046875 0.9146559238433838 -0.377422571182251 0.10727962096750915 -0.3646762194445874 -0.9249152584050264 0 0 0 0 0 0
0.6498473882675171 -3.1854794025421143 -8.147550582885742 0.4799461364746094 0.8630985021591187 -0.15717506408691406 0.16351783501064016 -0.2640267566324013 -0.9505410154545317 0 0 0 0 0 0
1.2074569463729858 -4.907092094421387 -6.629414081573486 -0.6250381469726562 -0.7786393165588379 0.05531787872314453 -0.6616414637532216 0.5660545826005625 0.4917252702810161 0 0 0 0 0 0
0.6642822027206421 -4.746338844299316 -6.730720520019531 -0.1090240478515625 -0.725775957107544 0.6792378425598145 -0.6134166920154607 0.5868126753495027 0.5285591258554878 0 0 0 0 0 0
0.15290680527687073 -4.680340766906738 -6.5812296867370605 0.3632354736328125 -0.557091236114502 0.7468008995056152 -0.660548925410376 0.4112916627637928 0.6280948280890851 0 0 0 0 0 0
-0.2803817689418793 -4.6261701583862305 -6.208268165588379 0.7223892072215676 -0.20141243934631348 0.6615078449249268 -0.5687669818229549 0.3710071057741939 0.7340753084142089 0 0 0 0 0 0
-0.5546127557754517 -4.689103126525879 -5.832205295562744 0.8436203747987747 0.30452728271484375 0.44220685958862305 -0.5236362300635231 0.2844831540758526 0.8030569926163024 0 0 0 0 0 0
-0.6561523675918579 -4.873541831970215 -5.359153747558594 0.634155347943306 0.7396256923675537 0.2254319190979004 -0.3867445552931472 0.05095666006624196 0.9207536975042584 0 0 0 0 0 0
-0.5706573724746704 -4.871853828430176 -4.803299427032471 0.13780593872070312 0.967780351638794 -0.21073222160339355 -0.4244082783895831 0.24993854047696756 0.8702970337955154 0 0 0 0 0 0
-0.5603271722793579 -4.619563102722168 -4.387413501739502 -0.08047103881835938 0.8720457553863525 -0.48276305198669434 -0.1467185058810441 0.4687024130523142 0.8711034092048273 0 0 0 0 0 0
-0.23248443007469177 -4.310250282287598 -4.057784080505371 -0.5900001525878906 0.6815707683563232 -0.4328596591949463 0.028556266756944497 0.5533912865547783 0.8324340579693909 0 0 0 0 0 0
-0.11123047024011612 -3.81896710395813 -3.805678129196167 -0.9710693173110485 0.06934046745300293 -0.2285093069076538 -0.13203512864634964 0.6414295907470962 0.7557341634494932 0 0 0 0 0 0
-0.18592986464500427 -3.3354198932647705 -3.5925559997558594 -0.909881666302681 -0.4086834192276001 -0.07133007049560547 -0.3613168420728826 0.6961536847850136 0.6203428906661582 0 0 0 0 0 0
-0.4500976502895355 -2.9172966480255127 -3.507094621658325 -0.599365308880806 -0.7452893257141113 0.29208898544311523 -0.45699177849884304 0.6181591253329062 0.6395392792509753 0 0 0 0 0 0
-0.8904358148574829 -2.573340654373169 -3.3099594116210938 0.08073806762695312 -0.8908897638320923 0.4469853639602661 -0.5513735851538353 0.3336589081525893 0.76461148674385 0 0 0 0 0 0
-1.356469750404358 -2.603919267654419 -3.0682425498962402 0.5332756042480469 -0.6011754274368286 0.5951529741287231 -0.591480145239185 0.23800885933371133 0.7704019462694919 0 0 0 0 0 0
-1.7129532098770142 -2.7636330127716064 -2.7221155166625977 0.8063125610351562 -0.2595263719558716 0.5315250158309937 -0.5740077964314799 -0.1264290761838415 0.8090268644661854 0 0 0 0 0 0
-1.9324814081192017 -3.129472017288208 -2.399050235748291 0.7114028930664062 0.5070406198501587 0.48663079738616943 -0.5020134620461313 -0.1179513385666426 0.8567890715433305 0 0 0 0 0 0
-2.088578701019287 -3.3194420337677 -1.9145259857177734 0.44382065534591675 0.889747142791748 0.1066097617149353 -0.5871729150138736 0.1988718068886089 0.7846734167321406 0 0 0 0 0 0
-2.2217726707458496 -3.240302324295044 -1.4454551935195923 0.1947784423828125 0.9399008750915527 -0.2804386615753174 -0.26898654937017347 0.3261386097979802 0.9062416081092243 0 0 0 0 0 0
-2.1678404808044434 -3.062690019607544 -1.0062891244888306 -0.149078369140625 0.8647102117538452 -0.4796409606933594 -0.07892164836964286 0.4731207276239377 0.8774851809763123 0 0 0 0 0 0
-1.9774643182754517 -2.6988155841827393 -0.6997388601303101 -0.8217427134513855 0.41390061378479004 -0.3917008638381958 -0.06872749929849092 0.6103594071840189 0.7891339630865388 0 0 0 0 0 0
-1.8955856561660767 -2.276322603225708 -0.4698578119277954 -0.993022620677948 -0.009160637855529785 -0.11746466159820557 -0.08440468086476505 0.7509344600367577 0.6549775711383449 0 0 0 0 0 0
-2.0761961936950684 -1.7168837785720825 -0.43533217906951904 -0.8463478088378906 -0.48832863569259644 0.21273553371429443 -0.2877641641528787 0.7552594659585667 0.5888355961296223 0 0 0 0 0 0
-2.342172145843506 -1.1943789720535278 -0.35678184032440186 -0.5260276794433594 -0.6843060255050659 0.504993237555027 -0.2508668936918788 0.692218773070724 0.6766952941718963 0 0 0 0 0 0
-2.823991298675537 -0.9339038729667664 -0.18194042146205902 0.06319046020507812 -0.7453100383281708 0.6637167930603027 -0.38889523088002065 0.5940708143974206 0.7041277468725986 0 0 0 0 0 0
-3.2776503562927246 -0.8379718661308289 0.21374954283237457 0.5388832092285156 -0.6096084415912628 0.581364594399929 -0.4101484384235263 0.4129364544165359 0.8131758620402113 0 0 0 0 0 0
-3.5515761375427246 -1.0235148668289185 0.658361554145813 0.9427452087402344 0.04322022199630737 0.33068060874938965 -0.3111067507257713 0.4711765335963529 0.8253584789993592 0 0 0 0 0 0
-3.655770778656006 -1.0441848039627075 1.1851965188980103 0.8858108520507812 0.46196967363357544 -0.04383087158203125 -0.17788945987753602 0.4252923973397494 0.8874059440072154 0 0 0 0 0 0
-3.5823302268981934 -1.0275851488113403 1.7012039422988892 0.62347412109375 0.7116401195526123 -0.32378673553466797 -0.015098968553146096 0.42502419179441625 0.9050724392070064 0 0 0 0 0 0
-3.2398695945739746 -0.9041187167167664 2.031379461288452 -0.16063690185546875 0.9167379140853882 -0.3657689690589905 -0.0030320909278512735 0.3701189762507281 0.9289720908213661 0 0 0 0 0 0
-3.071336269378662 -0.5307266116142273 2.428189992904663 -0.6225395202636719 0.6367000937461853 -0.45502781867980957 -0.1570819708590553 0.46794883966055983 0.8696892555033688 0 0 0 0 0 0
-2.9596190452575684 -0.11341969668865204 2.666896104812622 -0.9648323059082031 0.12152627110481262 -0.23303508758544922 -0.11380948782850861 0.6060470298325193 0.787253576816987 0 0 0 0 0 0
-3.063790798187256 0.38264352083206177 2.925293207168579 -0.93780517578125 -0.3316709026694298 -0.10262250900268555 -0.25662326327600177 0.46312873995872544 0.8483158143167655 0 0 0 0 0 0
-3.293069362640381 0.7506187558174133 3.099698305130005 -0.5350112915039062 -0.7770726084709167 0.3315556049346924 -0.2841443559757527 0.5350759918631048 0.7955602437034623 0 0 0 0 0 0
-3.7121520042419434 1.0101631879806519 3.3086516857147217 -0.09428024291992188 -0.901557058095932 0.42226552963256836 -0.5585724239775647 0.3989981295057315 0.7271662365364666 0 0 0 0 0 0
-4.224038600921631 0.9674518704414368 3.4487688541412354 0.4225349426269531 -0.5961933732032776 0.6826567649841309 -0.6717280930690712 0.2996758172012108 0.6774902869397955 0 0 0 0 0 0
-4.633340358734131 0.9420974850654602 3.770385503768921 0.7396125793457031 -0.2459508180618286 0.6264811754226685 -0.6141237251059469 0.1342181352680463 0.7777164129507863 0 0 0 0 0 0
-4.760934352874756 0.6225460171699524 4.142505168914795 0.6804466247558594 0.40699899196624756 0.6093811988830566 -0.6141482739410965 -0.13692384347638242 0.7772195585324885 0 0 0 0 0 0
-4.752160549163818 0.35952073335647583 4.703384876251221 0.36510467529296875 0.8380013704299927 0.40552854537963867 -0.48783593804419967 -0.19878479088979306 0.8499848231878903 0 0 0 0 0 0
-4.715684413909912 0.3500431180000305 5.307254314422607 -0.08594512939453125 0.9954950213432312 0.0400543212890625 -0.5116227627383588 -0.07859652863319332 0.8556122610877221 0 0 0 0 0 0
-4.812539577484131 0.45343858003616333 5.767897129058838 -0.4962348937988281 0.8038690686225891 -0.3279280662536621 -0.46094701941215876 0.07613292645054123 0.8841539646622112 0 0 0 0 0 0
-5.030824184417725 0.6605690121650696 6.273162364959717 -0.6679344177246094 0.34679174423217773 -0.6584692001342773 -0.6377266411304756 0.18936248272925638 0.7466240156540579 0 0 0 0 0 0
-5.23092794418335 1.0327214002609253 6.600183010101318 -0.7175064086914062 -0.18638357520103455 -0.6711506843566895 -0.6965513563035309 0.19021270733623946 0.6918379858817323 0 0 0 0 0 0
7.190130710601807 -1.376088261604309 -4.747341632843018 -0.2788734436035156 -0.7265248894691467 0.6280100345611572 -0.8045527560559744 0.5338001786460745 0.2602676854704047 0 0 0 0 0 0
6.6944260597229 -1.4579840898513794 -4.78818941116333 0.09107589721679688 -0.22646725177764893 0.9697520732879639 -0.9277932663924546 0.3345022238752924 0.16525193184645887 0 0 0 0 0 0
6.221266269683838 -1.4221488237380981 -4.641695499420166 0.2597999572753906 -0.3159049153327942 0.9125328063964844 -0.9632548904308514 -0.018119583215081725 0.26796791552453547 0 0 0 0 0 0
5.814276218414307 -1.650248646736145 -4.4946370124816895 0.3436470031738281 0.4273414611816406 0.8362352848052979 -0.9301390713606158 0.03219957097489425 0.3657813754765781 0 0 0 0 0 0
5.435705661773682 -1.8501960039138794 -4.2318596839904785 0.2575492858886719 0.8271071314811707 0.4995596408843994 -0.8628035185502397 -0.0359095954178716 0.504275149364733 0 0 0 0 0 0
5.12026834487915 -1.9001437425613403 -3.7836859226226807 0.19039154052734375 0.9711349010467529 0.14367640018463135 -0.8514746129557519 0.09050914189258522 0.5165564882577415 0 0 0 0 0 0
4.799543857574463 -1.7590895891189575 -3.356790781021118 0.036754608154296875 0.9015184640884399 -0.431177020072937 -0.7965368434990036 0.2869876014951368 0.5321439025443463 0 0 0 0 0 0
4.878584384918213 -3.0760605335235596 -2.769653558731079 -0.38665771484375 -0.8553743362426758 0.3447061777114868 0.6620622603049373 -0.5176649449955114 -0.5419277058161548 0 0 0 0 0 0
5.298529148101807 -3.4210808277130127 -2.7557146549224854 -0.8115577697753906 -0.5690747499465942 -0.13235688209533691 0.4947007298011913 -0.5487531289314451 -0.6739103395499376 0 0 0 0 0 0
5.505514621734619 -3.860734224319458 -2.703115701675415 -0.6980705261230469 -0.0860142707824707 -0.7108491659164429 0.6062723774537968 -0.5991856746798215 -0.5228709217840518 0 0 0 0 0 0
5.686811923980713 -4.287688255310059 -2.9366915225982666 -0.6694793701171875 0.23746013641357422 -0.7038545608520508 0.3465692685986473 -0.7382343771335849 -0.5787022407720768 0 0 0 0 0 0
5.552145481109619 -4.825737953186035 -3.11604905128479 -0.19479751586914062 0.6207609176635742 -0.7594168186187744 0.2649027688179747 -0.7121671611280469 -0.6500882383435044 0 0 0 0 0 0
5.343618869781494 -5.151974678039551 -3.397960901260376 0.3639411926269531 0.6863129138946533 -0.6296968460083008 0.1635210176555682 -0.7126293150322545 -0.6821928206636343 0 0 0 0 0 0
5.253378391265869 -5.428154945373535 -3.9157297611236572 0.7855987548828125 0.567559003829956 -0.2463752031326294 0.25530669661886723 -0.6600695923907609 -0.7064826943847061 0 0 0 0 0 0
4.578222751617432 -5.988556861877441 -3.559541940689087 -0.30879974365234375 -0.9386956691741943 -0.1532810926437378 -0.9503784179879307 0.3109090089208526 0.010618867846478442 0 0 0 0 0 0
4.147413730621338 -5.8886919021606445 -3.885143518447876 -0.18774032592773438 -0.9157490730285645 0.3551822900772095 -0.9628196264646645 0.24309739816560436 0.11784412599686143 0 0 0 0 0 0
3.690474033355713 -5.939332008361816 -4.108152866363525 0.006351470947265625 -0.5529201030731201 0.8332103490829468 -0.881579195477787 0.3901971550647734 0.26565581679183925 0 0 0 0 0 0
3.2079834938049316 -6.06784725189209 -4.032494068145752 0.28324127197265625 0.05303382873535156 0.9575819969177246 -0.8710244408684114 0.43208240290517874 0.23370853578697406 0 0 0 0 0 0
2.776724338531494 -6.134119987487793 -3.746011972427368 0.5149459838867188 0.5651438236236572 0.6445485353469849 -0.8405839198197693 0.18547755777416922 0.5089357890751872 0 0 0 0 0 0
2.4545578956604004 -6.1666154861450195 -3.297006845474243 0.5050468444824219 0.840613842010498 0.1956731081008911 -0.757876787738358 0.3234518038761635 0.566583817613817 0 0 0 0 0 0
2.3101792335510254 -5.96262264251709 -2.753969430923462 0.16086578369140625 0.8046948909759521 -0.5714750289916992 -0.6373120435396487 0.5268279618011652 0.5624288930205614 0 0 0 0 0 0
-6.077455043792725 0.8111637234687805 5.777586460113525 0.6833839416503906 0.33599555492401123 0.6481409072875977 0.6484609041384874 0.12847788292189927 -0.7503241359650052 0 0 0 0 0 0
-5.795960903167725 1.142130732536316 5.459895610809326 0.6216621398925781 -0.33161044120788574 0.7096219062805176 0.7762999468098892 0.1401046701203888 -0.6146035104023633 0 0 0 0 0 0
-5.308579921722412 1.4518440961837769 5.387048244476318 0.4625129699707031 -0.7743316888809204 0.4318547248840332 0.7284308906519855 0.054199343985045466 -0.682962228024429 0 0 0 0 0 0
-4.818093776702881 1.5228756666183472 5.265391826629639 0.06649017333984375 -0.984572172164917 0.16185522079467773 0.7208998471150384 -0.06474790409062477 -0.6900101202830666 0 0 0 0 0 0
-4.316644191741943 1.4095505475997925 4.98386812210083 -0.4873085021972656 -0.8527833223342896 -0.18789052963256836 0.6909460162300032 -0.2449740733663932 -0.680151705075093 0 0 0 0 0 0
-3.882340908050537 1.1376675367355347 4.744479656219482 -0.7965278625488281 -0.3560604155063629 -0.48865318298339844 0.5946938178753904 -0.3156308355520806 -0.7393926034904547 0 0 0 0 0 0
-3.7819533348083496 0.7009456753730774 4.585485935211182 -0.6002426147460938 0.2964431047439575 -0.7428526878356934 0.4672264305587682 -0.6238667431514169 -0.6264905764819996 0 0 0 0 0 0
-2.803636074066162 0.08742983639240265 5.5199971199035645 0.9045028686523438 0.16612380743026733 0.39280176162719727 -0.42278501006912156 0.22830718120651033 0.8769894381277676 0 0 0 0 0 0
-2.813271999359131 -0.0709945410490036 6.0226826667785645 0.5981063842773438 0.7911425828933716 0.12792587280273438 -0.47620801308135213 0.22245624384194998 0.8507148956640251 0 0 0 0 0 0
-2.782571315765381 -0.026755496859550476 6.556457042694092 0.09252548217773438 0.9551101550459862 -0.2814316749572754 -0.39002243558598076 0.2948235757116399 0.8723324310730102 0 0 0 0 0 0
-2.7373366355895996 0.23684389889240265 7.06775426864624 -0.30948638916015625 0.7157393917441368 -0.6260466575622559 -0.34811124722618986 0.5273820338677156 0.7750281599723843 0 0 0 0 0 0
-2.6616225242614746 0.7317283749580383 7.364233493804932 -0.7605361938476562 0.23029178380966187 -0.6070876121520996 -0.4644864067777157 0.4603474344721555 0.7565184111291436 0 0 0 0 0 0
-2.743691921234131 1.265990138053894 7.4601731300354 -0.9024810791015625 -0.3556835651397705 -0.24296283721923828 -0.4110467029390395 0.5425345134925769 0.7325863662784861 0 0 0 0 0 0
-3.0567259788513184 1.6798008680343628 7.649034023284912 -0.5896949768066406 -0.8071994781494141 0.02620697021484375 -0.5409953429759714 0.41889856366733347 0.7292894067651228 0 0 0 0 0 0
-1.943994164466858 2.893831968307495 7.96304178237915 0.9991455078125 0.011522173881530762 -0.039293766021728516 -0.03941599022435852 0.010469194360189704 -0.9991834752902232 0 0 0 0 0 0
-1.8691498041152954 3.0649917125701904 7.511953830718994 0.7520484924316406 -0.6501346826553345 0.1083827018737793 0.05698769176466736 -0.09968382925020122 -0.9933819743634976 0 0 0 0 0 0
-1.5355545282363892 3.18854022026062 7.078207492828369 0.18236160278320312 -0.9769600629806519 0.11088848114013672 0.2659115266573111 -0.05957091947498068 -0.9621419677217576 0 0 0 0 0 0
-1.0651947259902954 3.1588656902313232 6.828986644744873 -0.38494110107421875 -0.9143877029418945 -0.12534379959106445 0.4253713863525885 -0.05524716503280419 -0.9033203227366212 0 0 0 0 0 0
-0.6591125726699829 2.9315383434295654 6.610193729400635 -0.8452033996582031 -0.38742005825042725 -0.36816835403442383 0.43912667770816033 -0.11074491464560707 -0.8915664695231202 0 0 0 0 0 0
-0.347238153219223 2.6679790019989014 6.162368297576904 -0.8994675427675247 -0.33296406269073486 -0.28302907943725586 0.4244483080518073 -0.511546255860184 -0.7470997591137188 0 0 0 0 0 0
-0.20108947157859802 2.1457831859588623 5.8741631507873535 -0.8708000928163528 0.16833782196044922 -0.46190500259399414 0.3719509665365769 -0.38881139531939435 -0.8429148795491218 0 0 0 0 0 0
-3.0814146995544434 -2.39556622505188 -0.7240375280380249 0.9569549560546875 0.17207801342010498 0.2336949110031128 0.2864374478827003 -0.4304815388461391 -0.8559507199952188 0 0 0 0 0 0
-2.9187560081481934 -2.209367036819458 -1.1711620092391968 0.8205795288085938 -0.4091835021972656 0.39899885654449463 0.3554277094166679 -0.18136205004667677 -0.9169626807730518 0 0 0 0 0 0
-2.5115065574645996 -2.062880754470825 -1.6079944372177124 0.3882026672363281 -0.7300454378128052 0.5624288320541382 0.5837942037974515 -0.2774173959181302 -0.7630436898546286 0 0 0 0 0 0
-2.093362331390381 -2.1372082233428955 -1.8151839971542358 -0.10812759399414062 -0.9425002336502075 0.3162291646003723 0.7267607452017746 -0.2919797874415574 -0.6217267384088637 0 0 0 0 0 0
-1.5406509637832642 -2.283026933670044 -1.7489818334579468 -0.4408454895019531 -0.8900153636932373 -0.11626392602920532 0.7462646922979564 -0.29146682581668826 -0.5984441861432243 0 0 0 0 0 0
-1.1362777948379517 -2.58227276802063 -1.7998985052108765 -0.7038497924804688 -0.5080878734588623 -0.4964101314544678 0.7042201400116953 -0.40751590125374726 -0.5813969003684254 0 0 0 0 0 0
-0.8291794061660767 -3.031926393508911 -1.992235541343689 -0.7524871826171875 0.14174401760101318 -0.6431737542152405 0.6094282982359992 -0.2204225316885225 -0.7615835614370987 0 0 0 0 0 0
0.3550399839878082 -3.3051788806915283 -1.3305667638778687 0.9296035021543503 -0.0708770751953125 0.36166250705718994 -0.3499896547420136 0.13770104310355447 0.9265861111212723 0 0 0 0 0 0
0.3207763731479645 -3.4995968341827393 -0.7942909002304077 0.7651709765195847 0.6426376104354858 -0.03917813301086426 -0.2456613897888902 0.34766671468480104 0.9048604032571506 0 0 0 0 0 0
0.2734207212924957 -3.366175889968872 -0.22030292451381683 0.5783843249082565 0.6791979074478149 -0.4518372192978859 -0.010019130120009915 0.5597564551080427 0.8285959836618337 0 0 0 0 0 0
0.5696319341659546 -3.1410725116729736 0.13135303556919098 -0.2682303637266159 0.787314772605896 -0.5551528930664062 -0.1287100162117665 0.5418212321595206 0.8305960401422303 0 0 0 0 0 0
0.6979583501815796 -2.710932970046997 0.5390926599502563 -0.6319617480039597 0.44390439987182617 -0.6352674961090088 -0.19709381098837178 0.7006987699085431 0.6856938516895337 0 0 0 0 0 0
0.7743667364120483 -2.1944210529327393 0.6446014642715454 -0.957641527056694 -0.028972625732421875 -0.2865409851074219 -0.21750858967621797 0.724867089240679 0.653637576533584 0 0 0 0 0 0
0.5305007696151733 -1.684022068977356 0.710096001625061 -0.7723044604063034 -0.6268993020057678 0.10258793830871582 -0.39166755333718534 0.5970788823614407 0.7000992255045367 0 0 0 0 0 0
1.5925430059432983 -0.6406509280204773 1.0162521600723267 0.8284378051757812 0.3049802780151367 0.4697597026824951 0.5595846190114852 -0.48598238711729363 -0.6713347446570159 0 0 0 0 0 0
1.997808814048767 -0.49957579374313354 0.5634876489639282 0.5356219410896301 -0.2996361255645752 0.7895123958587646 0.5644663470867048 -0.5683394614427921 -0.5986423990524384 0 0 0 0 0 0
2.533125400543213 -0.5789634585380554 0.3305412530899048 -0.1020050048828125 -0.6874462962150574 0.7190346717834473 0.3932167966915763 -0.6917944440052404 -0.6056195397739843 0 0 0 0 0 0
2.961500644683838 -0.9033672213554382 0.20136608183383942 -0.4948616027832031 -0.6526736915111542 0.5736958608031273 0.3697476811203317 -0.75560882693523 -0.5406907971680428 0 0 0 0 0 0
3.2925705909729004 -1.209279179573059 0.20368923246860504 -0.8116531372070312 -0.5814075469970703 0.05638003349304199 0.541576693802913 -0.7851722379743805 -0.30033047585238176 0 0 0 0 0 0
3.4727768898010254 -1.6696597337722778 0.3375355005264282 -0.8446311950683594 -0.33241868019104004 -0.4196518287062645 0.4872723576280123 -0.8020113841909542 -0.34543366190748803 0 0 0 0 0 0
3.5778565406799316 -2.192889451980591 0.2665344476699829 -0.5393600463867188 0.28426527976989746 -0.7926439866423607 0.30141373361593055 -0.8137576035900322 -0.49693628518222543 0 0 0 0 0 0
3.5175156593322754 -2.6674110889434814 -0.0024188626557588577 -0.07608413696289062 0.6725472211837769 -0.7361311046406627 0.4037020721891512 -0.6543012762860164 -0.6395108506732659 0 0 0 0 0 0
3.435102939605713 -2.9888031482696533 -0.46392858028411865 0.382843017578125 0.8375704288482666 -0.38975954055786133 0.2781447448032568 -0.5068362152914344 -0.8159524519100019 0 0 0 0 0 0
3.418013095855713 -3.119696855545044 -0.9432700872421265 0.8034133911132812 0.5954217910766602 0.0018101930618286133 0.33101881423295465 -0.4441185097480486 -0.832568399744424 0 0 0 0 0 0
3.454763889312744 -3.152941942214966 -1.4229453802108765 0.94512939453125 0.25064408779144287 0.2095353603363037 0.2937262428316212 -0.3711768312897322 -0.880882479507095 0 0 0 0 0 0
3.6545395851135254 -2.9437153339385986 -1.8435481786727905 0.7739067077636719 -0.46971261501312256 0.42479991912841797 0.3285758867250376 -0.27560585003612026 -0.9033491062489523 0 0 0 0 0 0
3.990217685699463 -2.8738300800323486 -2.2569963932037354 0.41900634765625 -0.6766313314437866 0.6054848432540894 0.5664304881274207 -0.3263843856144452 -0.7567156742846961 0 0 0 0 0 0
4.430342197418213 -2.8459293842315674 -2.445913553237915 -0.11297225952148438 -0.9543514251708984 0.2764946222305298 0.5819729412138515 -0.2890989926718776 -0.7600698915126312 0 0 0 0 0 0
4.700155735015869 -1.5189448595046997 -2.906028985977173 -0.19311904907226562 0.656445324420929 -0.7292383909225464 -0.6091854624713391 0.5024134678878358 0.6135884982359799 0 0 0 0 0 0
4.878576755523682 -1.075520634651184 -2.809824228286743 -0.8191871643066406 0.2668263018131256 -0.5076706409454346 -0.26040468118754173 0.6156342354740637 0.7437648511091983 0 0 0 0 0 0
4.797125339508057 -0.6340610384941101 -2.637054681777954 -0.9337615966796875 -0.23837387561798096 -0.26695430278778076 -0.357856160659796 0.6325449990788066 0.686897102280233 0 0 0 0 0 0
4.546156406402588 -0.17325131595134735 -2.5872385501861572 -0.7983779907226562 -0.6020726636052132 -0.01083672046661377 -0.5203613534662329 0.6807456504456049 0.5155346440702357 0 0 0 0 0 0
4.173925876617432 0.09151919186115265 -2.6201231479644775 -0.446319580078125 -0.710359513759613 0.5442184209823608 -0.6333858404693333 0.6804032800714412 0.36867263787969945 0 0 0 0 0 0
3.5555176734924316 0.271658718585968 -2.4888670444488525 0.2732276916503906 -0.6186315044760704 0.7366418838500977 -0.4174942972744464 0.6136460309786274 0.6701923706825772 0 0 0 0 0 0
3.2108139991760254 0.44640427827835083 -2.1310312747955322 0.7419204711914062 -0.3868532180786133 0.5476352572441101 -0.22591492758074969 0.6247747084056816 0.747408079787488 0 0 0 0 0 0
2.015768527984619 0.5952518582344055 -2.9162943363189697 -0.5578997731208801 0.6285089254379272 -0.5419504642486572 0.30983520033538 -0.4480868406346948 -0.8386072098161963 0 0 0 0 0 0
1.844000220298767 0.23228533565998077 -3.2850210666656494 -0.08106231689453125 0.8769729360938072 -0.47365427017211914 0.1412134413663968 -0.4603111954709908 -0.8764357791855313 0 0 0 0 0 0
1.654272437095642 0.05895693600177765 -3.720510721206665 0.4357147216796875 0.857514999806881 -0.27351677417755127 0.06829475913072407 -0.3344990253136227 -0.939909080287362 0 0 0 0 0 0
1.4759811162948608 0.1286533623933792 -4.231598377227783 0.8665657043457031 0.49179162830114365 0.08493661880493164 0.18940400084117334 -0.16661746410964684 -0.9676619881195787 0 0 0 0 0 0
1.474981665611267 0.3578994870185852 -4.715233325958252 0.9479141235351562 -0.13662457466125488 0.28771400451660156 0.2760805986787612 -0.09802172784848785 -0.9561330740875591 0 0 0 0 0 0
1.7498153448104858 0.6224926114082336 -5.061336994171143 0.5516433715820312 -0.8225110173225403 0.1384294033050537 0.20889392235038154 -0.02443526730557144 -0.9776335154763512 0 0 0 0 0 0
2.124807834625244 0.6781280636787415 -5.514711856842041 0.010662078857421875 -0.9615969657897949 0.2742588520050049 0.15063978224307903 -0.26960468991959946 -0.9511349701921951 0 0 0 0 0 0
2.220472812652588 -5.514513969421387 -2.3992884159088135 0.009136199951171875 0.5411243438720703 -0.8408933877944946 -0.5963118023709281 0.6779853086963021 0.4298123123686801 0 0 0 0 0 0
2.1920456886291504 -5.078204154968262 -2.205667734146118 -0.4734039306640625 0.1622152328491211 -0.8657753467559814 -0.5622873015873068 0.7009139930310362 0.43878350976853153 0 0 0 0 0 0
2.1444458961486816 -4.572583198547363 -2.113142251968384 -0.7367900013923645 -0.1794731616973877 -0.6518799066543579 -0.5676556120622817 0.6879672742410956 0.452186536723034 0 0 0 0 0 0
1.9292892217636108 -4.087798118591309 -2.218721628189087 -0.7619476318359375 -0.6432187557220459 0.0756305456161499 -0.5326310258844779 0.6887738395124366 0.4918026560173224 0 0 0 0 0 0
1.5292648077011108 -3.741053819656372 -2.262281656265259 -0.44666290283203125 -0.7132142782211304 0.5402058362960815 -0.39205226148249467 0.6987489022198818 0.5983691235089889 0 0 0 0 0 0
1.0030654668807983 -3.472552537918091 -2.0732576847076416 0.17438888549804688 -0.717095136642456 0.6748056411743164 -0.4104754321366097 0.5699915450713781 0.7117909050030602 0 0 0 0 0 0
0.6003555059432983 -3.3841354846954346 -1.7535632848739624 0.7044219970703125 -0.3766798973083496 0.6015795469284058 -0.33184498194165013 0.5744352157859604 0.7482586555477179 0 0 0 0 0 0
-0.6300979852676392 -3.3806679248809814 -2.4114153385162354 -0.6974411010742188 0.5801630020141602 -0.42072415351867676 0.3421131372943744 -0.2463036253738396 -0.9067699362629205 0 0 0 0 0 0
-0.8447510004043579 -3.7152130603790283 -2.7675421237945557 -0.20191192626953125 0.8761608600616455 -0.437697172164917 0.1590108844080365 -0.4116338675688184 -0.8973411353461043 0 0 0 0 0 0
-1.1696258783340454 -3.8350327014923096 -3.1186182498931885 0.5451393127441406 0.7617634534835815 -0.350070595741272 0.17385535625494003 -0.5112153939136109 -0.8416868428837251 0 0 0 0 0 0
-1.2651840448379517 -3.854701280593872 -3.6238081455230713 0.8637619018554688 0.5027741193771362 0.033425092697143555 0.19975395493714213 -0.28076582338196293 -0.9387577979784039 0 0 0 0 0 0
-1.261132836341858 -3.7033302783966064 -4.128201007843018 0.9693145751953125 -0.06092071533203125 0.23818492889404297 0.2327677162706227 -0.08439693575040828 -0.9688550102027867 0 0 0 0 0 0
-0.9944320917129517 -3.5119659900665283 -4.577755451202393 0.6443595886230469 -0.6306809186935425 0.43248653411865234 0.44217763284307576 -0.15414594140347984 -0.8835842769371988 0 0 0 0 0 0
-0.6221634149551392 -3.5189430713653564 -4.914270877838135 -0.023059844970703125 -0.9610402584075928 0.27544617652893066 0.4766099302017379 -0.2527601059618638 -0.8419869513868935 0 0 0 0 0 0
-0.18089446425437927 -2.4670021533966064 -5.648525714874268 -0.46543121337890625 0.7873386144638062 -0.4043161869049072 -0.14105901021313413 0.38498611484555006 0.9120775088298845 0 0 0 0 0 0
-0.02449188195168972 -2.0203487873077393 -5.3010334968566895 -0.9150504926219583 0.24194270372390747 -0.32272815704345703 -0.1495962778975196 0.5394845864244047 0.8285998646390891 0 0 0 0 0 0
-0.07467041164636612 -1.5135337114334106 -5.278534412384033 -0.9750366024672985 -0.1712527871131897 0.1413261890411377 0.001514679972900408 0.6313540227997622 0.7754967795974708 0 0 0 0 0 0
-0.16826018691062927 -1.0769320726394653 -4.9843316078186035 -0.748748779296875 -0.6244972348213196 0.22223830223083496 -0.27527006108406404 0.5979307750721737 0.7527864987903942 0 0 0 0 0 0
-0.5433288812637329 -0.8235103487968445 -4.943892002105713 -0.2956199645996094 -0.6411604583263397 0.7081842422485352 -0.2817096132484121 0.7668504848839534 0.5766793414711153 0 0 0 0 0 0
-0.9655472040176392 -0.5299484133720398 -4.654409885406494 0.2791023254394531 -0.6820210814476013 0.6759762763977051 -0.3420473979964776 0.5871613499369702 0.7336391237017391 0 0 0 0 0 0
-1.259362816810608 -0.41200751066207886 -4.188110828399658 0.7797622680664062 -0.4255896806716919 0.4591691493988037 -0.12927137137789896 0.6081576098617044 0.7832114618145649 0 0 0 0 0 0
-1.5701309442520142 -0.3457576632499695 -3.7063066959381104 0.9826278686523438 -0.0662897527217865 0.17341196537017822 -0.12365270542608287 0.4630220571667381 0.8776684569334653 0 0 0 0 0 0
-1.5833832025527954 -0.38487929105758667 -3.1963083744049072 0.9496688842773438 0.2932681143283844 -0.11012554168701172 0.06196073489364852 0.16874950709819717 0.9837048704275723 0 0 0 0 0 0
-1.278863549232483 -0.5501548647880554 -2.7581369876861572 0.42407989501953125 0.8979371562600136 -0.11775374412536621 -0.1523220430835943 0.1988944596333965 0.9681051781900478 0 0 0 0 0 0
-1.0721222162246704 -0.4596225619316101 -2.2138559818267822 -0.0397491455078125 0.9218410030007362 -0.3855246305465698 -0.22140097224829286 0.3681120330666995 0.903032485231215 0 0 0 0 0 0
-0.8490387201309204 -0.1433498114347458 -1.778175711631775 -0.5209541320800781 0.6817835569381714 -0.513598620891571 -0.12880047547890497 0.532021109193808 0.8368838361770103 0 0 0 0 0 0
-0.7398926019668579 0.30680733919143677 -1.5236915349960327 -0.89874267578125 0.20109742879867554 -0.38965851068496704 -0.18121099626462076 0.6388676297375399 0.7476718340750322 0 0 0 0 0 0
-0.8354431390762329 0.8427837491035461 -1.4077876806259155 -0.8995437622070312 -0.4366046190261841 0.013536214828491211 -0.29955376780484605 0.6391376234577065 0.7083749365744034 0 0 0 0 0 0
-0.17862090468406677 1.9308308362960815 -1.3440078496932983 0.8245468139648438 0.5051949620246887 0.2547985315322876 0.3192566252767945 -0.04361456293550179 -0.9466623464926023 0 0 0 0 0 0
0.01291503943502903 2.0994575023651123 -1.812721610069275 0.8032989641651511 -0.11362016201019287 0.5846583843231201 0.5506133737767389 -0.23250025943230768 -0.801705547243802 0 0 0 0 0 0
0.4359726011753082 2.1929614543914795 -2.1313135623931885 0.34698478877544403 -0.675148069858551 0.6509774923324585 0.6463846983698218 -0.33078371831400233 -0.6876023399642607 0 0 0 0 0 0
0.9302123785018921 1.9806774854660034 -2.383220911026001 -0.17459869384765625 -0.753631591796875 0.6336838006973267 0.5781561675880396 -0.5994144740058338 -0.5535763611192857 0 0 0 0 0 0
1.393499732017517 1.848112940788269 -2.336517572402954 -0.5425834655761719 -0.8383148908615112 0.053299665451049805 0.7519426829305286 -0.5130032349766113 -0.41400980541229104 0 0 0 0 0 0
1.7427047491073608 1.4720524549484253 -2.340515375137329 -0.7910346984863281 -0.4033881425857544 -0.4599374532699585 0.6101573124638934 -0.46563207538883716 -0.6410113931330675 0 0 0 0 0 0
2.071272373199463 1.0690563917160034 -2.5853254795074463 -0.8318331837654114 0.1888430118560791 -0.5219250917434692 0.4240767112859412 -0.3904072869325333 -0.8171417231541566 0 0 0 0 0 0
2.944387912750244 0.5000007748603821 -1.6562789678573608 0.9736824035644531 0.04657775163650513 0.22308945655822754 -0.2061229904501137 0.5975776180339738 0.7748663229627807 0 0 0 0 0 0
2.967092990875244 0.5218437314033508 -1.1721709966659546 0.8737754821777344 0.4556819796562195 -0.16989052295684814 -0.02978821062683754 0.39883463588368573 0.916552292742188 0 0 0 0 0 0
3.172110080718994 0.6608322262763977 -0.6468337774276733 0.30242919921875 0.7253876328468323 -0.6183403730392456 -0.009913690883731717 0.6510838107999279 0.7589508548490006 0 0 0 0 0 0
3.4647889137268066 0.9408844113349915 -0.29776227474212646 -0.2445220947265625 0.7310928404331207 -0.6369531154632568 -0.194152975503214 0.6066756114932892 0.7708744590070137 0 0 0 0 0 0
3.689924716949463 1.482186198234558 -0.049055442214012146 -0.7863998413085938 0.30101895332336426 -0.5394316092133522 -0.2639091299907095 0.6258176145286822 0.7339596984661304 0 0 0 0 0 0
3.550405979156494 1.9702671766281128 0.1743694692850113 -0.9210205078125 -0.12366771697998047 -0.36935210693627596 -0.34009016501757283 0.7175946081614935 0.6077851604533472 0 0 0 0 0 0
3.384260654449463 2.5059783458709717 0.19684948027133942 -0.8586502075195312 -0.5097395181655884 0.05379378795623779 -0.43593442133621174 0.7814391224724088 0.4464311090923296 0 0 0 0 0 0
-5.207826137542725 3.16607928276062 2.2345378398895264 0.8412933349609375 0.04911661148071289 0.538332462310791 -0.529153204434272 0.2784514784573469 0.801542729056238 0 0 0 0 0 0
-5.369554042816162 2.964707136154175 2.6985480785369873 0.7778549194335938 0.5698490142822266 0.26500463485717773 -0.4585011333233338 0.22619951477812297 0.8594105975419823 0 0 0 0 0 0
-5.341783046722412 2.8993442058563232 3.25140643119812 0.2929115295410156 0.922921895980835 -0.2498328685760498 -0.4660000503174204 0.3659608467404664 0.8055645046661829 0 0 0 0 0 0
-5.236825466156006 3.0944087505340576 3.7528035640716553 -0.14677047729492188 0.8583629131317139 -0.4916048049926758 -0.5432427936694125 0.3453935140747817 0.7652589706431381 0 0 0 0 0 0
-5.120988368988037 3.4426467418670654 4.1673431396484375 -0.6597518920898438 0.4161536693572998 -0.625724196434021 -0.5741641930773831 0.2580521256695905 0.777012067787536 0 0 0 0 0 0
-5.280320644378662 3.8619353771209717 4.4269633293151855 -0.8062362670898438 -0.21589994430541992 -0.5507910251617432 -0.5908469440850852 0.3406562657277642 0.7313382887900092 0 0 0 0 0 0
-5.625970363616943 4.210013389587402 4.599615573883057 -0.4953956604003906 -0.8370488882064819 -0.23224115371704102 -0.7558247801638435 0.28357925603170475 0.5901736748323358 0 0 0 0 0 0
-4.626603603363037 5.261153221130371 4.800507068634033 0.806427001953125 0.4913508892059326 0.32901525497436523 0.4096874510557401 -0.06301660355361996 -0.9100482551340001 0 0 0 0 0 0
-4.429429531097412 5.467581748962402 4.409651279449463 0.8173370361328125 -0.308910608291626 0.48635005950927734 0.46165190370382786 -0.15393193761744794 -0.8736020462544366 0 0 0 0 0 0
-4.01718282699585 5.559115409851074 3.9537508487701416 0.5679702758789062 -0.5394852161407471 0.6215780973434448 0.6769288407700442 -0.12338749114803255 -0.7256388050050518 0 0 0 0 0 0
-3.546464443206787 5.644293785095215 3.7831695079803467 0.120086669921875 -0.9145152568817139 0.3863191604614258 0.6620917372942832 -0.21617875577721762 -0.7175599624811003 0 0 0 0 0 0
-3.041757106781006 5.46323299407959 3.704874277114868 -0.3588104248046875 -0.9273350238800049 -0.10630369186401367 0.8083032322152538 -0.2517427023199935 -0.5322279994471383 0 0 0 0 0 0
-2.587594509124756 5.158713340759277 3.720421075820923 -0.6521797180175781 -0.46745777130126953 -0.5967843532562256 0.7562038265384657 -0.346055045319228 -0.5553340604774422 0 0 0 0 0 0
-2.3065123558044434 4.784211158752441 3.6505444049835205 -0.51361083984375 0.13170719146728516 -0.8478474617004395 0.7837419451444072 -0.3301877996617732 -0.5260692359944784 0 0 0 0 0 0
-0.9934784173965454 4.5104570388793945 4.320775508880615 0.9073066711425781 0.3802299499511719 0.17942309379577637 -0.27355383766878283 0.2097899665866845 0.938724161839151 0 0 0 0 0 0
-0.9368530511856079 4.373873710632324 4.93718957901001 0.6338882446289062 0.7600367069244385 -0.14326095581054688 -0.2620926461836786 0.3853629146673617 0.8847666309213361 0 0 0 0 0 0
-0.7621399164199829 4.4336347579956055 5.448535442352295 0.061054229736328125 0.9058690071105957 -0.41913509368896484 -0.1503731897865728 0.4234639941491814 0.8933205410125984 0 0 0 0 0 0
-0.6705185174942017 4.8401288986206055 5.879784107208252 -0.3728485107421875 0.6639719009399414 -0.6481695175170898 -0.2001792389178092 0.6245264019929555 0.7549020745449561 0 0 0 0 0 0
-0.5751205682754517 5.394190788269043 6.085994243621826 -0.8154869079589844 0.19649147987365723 -0.5443978309631348 -0.29777774094431025 0.6641189282818796 0.6857623947388238 0 0 0 0 0 0
-0.5858398675918579 5.930483818054199 6.172165393829346 -0.9569168090820312 -0.20888686180114746 -0.20164251327514648 -0.29033752462090817 0.6892843678235724 0.6637807025898568 0 0 0 0 0 0
-0.8497024774551392 6.3185224533081055 6.378604412078857 -0.5754661560058594 -0.7893705368041992 0.21385669708251953 -0.4647955588861678 0.5308288957323076 0.7086361046532837 0 0 0 0 0 0
2.423635959625244 0.5086601376533508 -5.886570453643799 -0.46428680419921875 -0.8583590015769005 0.2183246612548828 0.35439005282244784 -0.4059537749534735 -0.8423943077864154 0 0 0 0 0 0
2.7056565284729004 0.15367014706134796 -6.196976184844971 -0.845794677734375 -0.506504625082016 0.1675868034362793 0.22964378408997912 -0.6291666008997602 -0.7425662426462474 0 0 0 0 0 0
2.9233689308166504 -0.25583189725875854 -6.339293003082275 -0.9679794311523438 -0.07145717740058899 -0.24067044258117676 0.22562827508063596 -0.667964467542567 -0.7091551088679803 0 0 0 0 0 0
2.947126865386963 -0.7478954195976257 -6.442295551300049 -0.7045364379882812 0.4227270185947418 -0.5700123310089111 0.11159174591793307 -0.7272587943565678 -0.6772702484870226 0 0 0 0 0 0
2.738508701324463 -1.1974726915359497 -6.740478992462158 -0.2631187438964844 0.7885873317718506 -0.5557870864868164 0.11380814851058237 -0.5466900005409383 -0.8295584354588197 0 0 0 0 0 0
2.5099472999572754 -1.40809166431427 -7.1657891273498535 0.23473739624023438 0.9099975228309631 -0.3417623043060303 -0.004427928230312796 -0.35057582958732586 -0.9365062582964078 0 0 0 0 0 0
2.252699375152588 -1.2963439226150513 -7.714039325714111 0.8818244934082031 0.4686787724494934 -0.052324533462524414 0.1328083245075731 -0.35326617931601917 -0.9260421944359155 0 0 0 0 0 0
1.2205337285995483 -2.12286114692688 -8.348691940307617 -0.36640167236328125 -0.9207695722579956 0.13392925262451172 -0.5445746978179311 0.3289224353004656 0.7715169615718309 0 0 0 0 0 0
0.6276534795761108 -2.0071232318878174 -8.135879516601562 0.16529083251953125 -0.8948928117752075 0.41454195976257324 -0.5675365967210446 0.2574532559312376 0.7820720123096709 0 0 0 0 0 0
0.11916961520910263 -2.1449692249298096 -7.942005634307861 0.6536865420639515 -0.44506847858428955 0.6120574474334717 -0.6542318087942577 0.07415580219748724 0.7526531059999372 0 0 0 0 0 0
-0.22942504286766052 -2.336899995803833 -7.541653156280518 0.8642005734145641 0.01927971839904785 0.502781867980957 -0.5021286125313759 -0.030582442579117543 0.8642504502067941 0 0 0 0 0 0
-0.3266464173793793 -2.6391499042510986 -7.159901142120361 0.6652641110122204 0.6304854154586792 0.39991021156311035 -0.4820178168478181 -0.04633861202517325 0.8749088254191005 0 0 0 0 0 0
-0.5346695184707642 -2.7048542499542236 -6.595512866973877 0.6863976269960403 0.7240420579910278 0.06797075271606445 -0.2909279183419 0.18773163161924017 0.9381481493303953 0 0 0 0 0 0
-0.3379226624965668 -2.6960957050323486 -6.150888919830322 -0.044002532958984375 0.9838145971298218 -0.17370104789733887 -0.2558225473151992 0.15697169475123132 0.9538680779881166 0 0 0 0 0 0
-0.312570184469223 -3.8084042072296143 -5.215824604034424 -0.3276824951171875 -0.7541733980178833 0.56907057762146 0.5897149277896988 -0.6338523290886567 -0.5004569154053231 0 0 0 0 0 0
0.10772552341222763 -3.9611294269561768 -5.146570682525635 -0.633316021412611 -0.7643789052963257 -0.12094855308532715 0.6321201634271276 -0.42077787270950634 -0.6506741522259354 0 0 0 0 0 0
0.4606155455112457 -4.367682456970215 -5.371025562286377 -0.8812141604721546 -0.3060019016265869 -0.36034584045410156 0.46831894561501103 -0.4611532626954729 -0.7536524102095423 0 0 0 0 0 0
0.6074050664901733 -4.804863929748535 -5.42935037612915 -0.7312201708555222 0.15945792198181152 -0.6632423400878906 0.42679317334837247 -0.651538886754363 -0.6271807286200058 0 0 0 0 0 0
0.6104415655136108 -5.309811592102051 -5.648361682891846 -0.5064963549375534 0.4711604118347168 -0.722123384475708 0.30525609221268646 -0.6852789776643021 -0.6612269227548554 0 0 0 0 0 0
0.5433105230331421 -5.707489967346191 -5.999308109283447 0.21697998046875 0.8058273792266846 -0.5509626865386963 0.3432711128532088 -0.5913542742077594 -0.7297163953928201 0 0 0 0 0 0
0.6236633062362671 -5.918560981750488 -6.505383014678955 0.6066131591796875 0.7883286476135254 0.10277867317199707 0.5463718313916238 -0.3194912915638858 -0.7742093030452546 0 0 0 0 0 0
-0.22171935439109802 1.7542999982833862 5.482151508331299 -0.5776596069335938 0.72031170129776 -0.3840041160583496 0.36497900608334327 -0.1928695748266855 -0.910823155635022 0 0 0 0 0 0
-0.3675552308559418 1.5276116132736206 5.085484027862549 0.11257171630859375 0.9490346908569336 -0.29438257217407227 0.34176472226681687 -0.3151728422939084 -0.8853680354402127 0 0 0 0 0 0
-0.5110183954238892 1.4930981397628784 4.537627696990967 0.7073021680116653 0.689803957939148 0.15464305877685547 0.39294632908638405 -0.2017881716496812 -0.8971467074119629 0 0 0 0 0 0
-0.4418197572231293 1.7757023572921753 4.039628982543945 0.9004592709243298 0.13029158115386963 0.4149818420410156 0.42527026169997206 -0.06356833372608428 -0.9028253603603152 0 0 0 0 0 0
-0.14431914687156677 1.924742579460144 3.597318410873413 0.5496215634047985 -0.5368137359619141 0.6401228904724121 0.6075885663592621 -0.26901578338660054 -0.7472864235626892 0 0 0 0 0 0
0.323294073343277 2.04414439201355 3.3524258136749268 0.2437591552734375 -0.7653889060020447 0.5956172943115234 0.7149147931493907 -0.27318798503419406 -0.6436382602220011 0 0 0 0 0 0
0.7920898199081421 1.9754456281661987 3.2526328563690186 -0.36075592041015625 -0.9174245595932007 0.16787052154541016 0.6266545006276455 -0.37173995682885036 -0.6848971693503022 0 0 0 0 0 0
1.2748245000839233 3.3112895488739014 2.788604497909546 -0.3144073486328125 0.6077861785888672 -0.7292056083679199 -0.5481096813333978 0.5109493065435148 0.6621968243298103 0 0 0 0 0 0
1.1876205205917358 3.7451083660125732 2.984717607498169 -0.6840896606445312 0.10576844215393066 -0.7216882705688477 -0.4693086343932015 0.6936024599866585 0.5465108027814213 0 0 0 0 0 0
1.055120825767517 4.263449668884277 3.168119192123413 -0.6983184814453125 -0.43047547340393066 -0.5718743801116943 -0.7154294328451196 0.4450037157034293 0.5386399892255711 0 0 0 0 0 0
0.6912139654159546 4.690211296081543 3.1350276470184326 -0.5217932909727097 -0.8423268795013428 0.1349318027496338 -0.6560865828984395 0.4973525295802868 0.5676336151971696 0 0 0 0 0 0
0.17480316758155823 4.8434343338012695 3.1833789348602295 0.06910324096679688 -0.8723330497741699 0.4840052127838135 -0.7741275079608194 0.2591359610992508 0.5775714302035332 0 0 0 0 0 0
-0.457772821187973 4.794678688049316 3.3584139347076416 0.488739013671875 -0.5735433101654053 0.6573963165283203 -0.6377391832422582 0.2793208591915421 0.7178175747450537 0 0 0 0 0 0
-0.8172546625137329 4.641907691955566 3.7301299571990967 0.8772087842226028 0.058962106704711914 0.4764699935913086 -0.47006906061830167 0.30735245606563455 0.827390110935908 0 0 0 0 0 0
-2.079049587249756 4.431235313415527 3.3150832653045654 -0.5786323547363281 0.3838825225830078 -0.7196033000946045 0.3973840809940795 -0.6377818062523825 -0.6597698691760174 0 0 0 0 0 0
-2.141976833343506 4.05026912689209 2.96701979637146 -0.058727264404296875 0.7118630409240723 -0.6998586654663086 0.26795835998072554 -0.6640846135919789 -0.6979605712146728 0 0 0 0 0 0
-2.1331114768981934 3.7735393047332764 2.555493116378784 0.24271011352539062 0.9075993299484253 -0.3425717353820801 0.32415116824875656 -0.40871083080966425 -0.8531670279642121 0 0 0 0 0 0
-2.2639098167419434 3.7797648906707764 2.061286211013794 0.772075355052948 0.6288200616836548 -0.09215116500854492 0.24483650016503172 -0.4280999431850031 -0.8699358806596881 0 0 0 0 0 0
-2.217576503753662 3.8591067790985107 1.4746710062026978 0.925273597240448 0.16104936599731445 0.34340858459472656 0.3792313148056776 -0.4098276057458974 -0.829595588296411 0 0 0 0 0 0
-1.9473587274551392 3.9399325847625732 1.0170890092849731 0.6983375549316406 -0.3857839107513428 0.6028985977172852 0.43655002413697686 -0.43795783806520894 -0.7858972732199812 0 0 0 0 0 0
-1.501977562904358 3.9840667247772217 0.7228118181228638 0.21966934204101562 -0.77597975730896 0.5912637710571289 0.5567001398257431 -0.3980158247094577 -0.7291875430182163 0 0 0 0 0 0
-0.9950500726699829 3.933274030685425 0.5097609758377075 -0.3530693054199219 -0.8692657947540283 0.34600377082824707 0.5842141669223173 -0.49369714944913706 -0.6441720398550222 0 0 0 0 0 0
-0.5570694208145142 3.686325788497925 0.5572406053543091 -0.581512451171875 -0.7935118675231934 -0.17941713333129883 0.7003812937603693 -0.3760982879947183 -0.6066421081958591 0 0 0 0 0 0
-0.3029724061489105 3.3088157176971436 0.4933730363845825 -0.7338906079530716 -0.3284108638763428 -0.5946052074432373 0.6647856207133057 -0.5270345339591989 -0.5294202822527301 0 0 0 0 0 0
-0.0003677368222270161 2.8204009532928467 0.21364964544773102 -0.7472610324475681 0.2791029214859009 -0.6030821846798062 0.4211019782907876 -0.5031762491944682 -0.7546418577716946 0 0 0 0 0 0
-0.01029357872903347 2.4345996379852295 -0.024662600830197334 -0.43361662421375513 0.581895112991333 -0.6880182353779674 0.3262560509661067 -0.6103623638602468 -0.7218368621589203 0 0 0 0 0 0
-0.2529846131801605 2.159966230392456 -0.41475236415863037 0.28522491455078125 0.7593870162963867 -0.584796667098999 0.4137329877903043 -0.6479268365547799 -0.6395731920904482 0 0 0 0 0 0
-0.18331298232078552 1.8939274549484253 -0.8735042810440063 0.564193706959486 0.8073887228965759 -0.17264604568481445 0.39668766213246426 -0.44846876418444365 -0.8009447283995297 0 0 0 0 0 0
-1.2159820795059204 1.2366513013839722 -1.1495782136917114 -0.5063438415527344 -0.8607606589794159 0.052080750465393066 -0.6685587585690744 0.4299915354800447 0.6067344851103709 0 0 0 0 0 0
-1.700646996498108 1.3908413648605347 -1.1129642724990845 -0.0347900390625 -0.8327925205230713 0.5524915456771851 -0.7996151931502016 0.3548067492337525 0.48446309320487224 0 0 0 0 0 0
-2.183305263519287 1.3076008558273315 -1.0982218980789185 0.2927589416503906 -0.47018468379974365 0.8326005935668945 -0.9216268384700509 0.09323399017998155 0.3767132697750721 0 0 0 0 0 0
-2.619920253753662 1.0949372053146362 -0.8345350027084351 0.5585670471191406 0.12633740901947021 0.8197802305221558 -0.8228155860699246 -0.04045828630358057 0.5668703025488313 0 0 0 0 0 0
-2.8458571434020996 0.822583019733429 -0.45533978939056396 0.5742073059082031 0.6187011301517487 0.5361783877015114 -0.7228171316127114 0.07554730224428105 0.6869088441032281 0 0 0 0 0 0
-3.1155104637145996 0.7707203030586243 0.07350100576877594 0.4622650146484375 0.8819510042667389 0.09206414222717285 -0.6450158852976904 0.2631886260685242 0.7174216040585581 0 0 0 0 0 0
-3.2433485984802246 0.9151313900947571 0.6349693536758423 0.09365081787109375 0.9272034466266632 -0.36266446113586426 -0.6141757779713661 0.3404888250282373 0.7119097012477538 0 0 0 0 0 0
-2.921159267425537 -0.07366292178630829 1.29324209690094 -0.4292488098144531 -0.8347058668732643 0.3449821472167969 0.4249206923774485 -0.5236872494232804 -0.738380580232469 0 0 0 0 0 0
-2.5787978172302246 -0.4816886782646179 1.235106110572815 -0.8788871765136719 -0.47596365213394165 -0.032019615173339844 0.3396311524298798 -0.5771838735979709 -0.742636039063791 0 0 0 0 0 0
-2.398820400238037 -0.9619991183280945 0.9614030122756958 -0.977935791015625 -0.1564560830593109 -0.13846039772033691 0.207683910079308 -0.6558978971460169 -0.7257115728735385 0 0 0 0 0 0
-2.475511074066162 -1.417155385017395 0.8430358171463013 -0.7317352294921875 0.4286736249923706 -0.5299091339111328 0.14026808106797545 -0.6661100902181619 -0.7325462021072043 0 0 0 0 0 0
-2.6921019554138184 -1.8209468126296997 0.5703665018081665 -0.15720367431640625 0.7864692807197571 -0.5972898006439209 0.10395780028699737 -0.5882619577488749 -0.8019432216122441 0 0 0 0 0 0
-2.9745497703552246 -2.025550127029419 0.26590049266815186 0.4994964599609375 0.6929522752761841 -0.5199151858687401 0.08220862005405963 -0.6353559543211316 -0.7678337742621903 0 0 0 0 0 0
-3.130906581878662 -2.1798641681671143 -0.15486489236354828 0.9172248840332031 0.34905076026916504 -0.19196867942810059 0.04834973057089531 -0.5758869197443516 -0.8161028747847628 0 0 0 0 0 0
2.925917148590088 2.910752058029175 0.22644485533237457 -0.50567626953125 -0.8020305633544922 0.3178727254271507 -0.6371815728179434 0.5956003643206629 0.4891331735513838 0 0 0 0 0 0
2.4536194801330566 3.127465009689331 0.2730640172958374 -0.02208709716796875 -0.8117622137069702 0.5835705995559692 -0.7348692576214424 0.4089430901171165 0.5410372278093496 0 0 0 0 0 0
2.003248691558838 3.0748298168182373 0.4424020051956177 0.4192352294921875 -0.37419915199279785 0.827176570892334 -0.7343097071685591 0.3960347612198043 0.551326508098876 0 0 0 0 0 0
1.6380447149276733 3.0429065227508545 0.8551269769668579 0.7640457153320312 0.06484746932983398 0.6418895721435547 -0.5863839246803326 0.4847188374502572 0.6490077940591191 0 0 0 0 0 0
1.3469680547714233 2.947685956954956 1.3024073839187622 0.801544189453125 0.4637157917022705 0.37746191024780273 -0.5178628911139282 0.2228232890949094 0.825946419835432 0 0 0 0 0 0
1.2731612920761108 2.8372771739959717 1.8293887376785278 0.4867362976074219 0.8730244636535645 0.030328035354614258 -0.4953096334759818 0.2472190078206209 0.8327916782114234 0 0 0 0 0 0
1.3475250005722046 2.966351270675659 2.3473432064056396 -0.17871856689453125 0.88614821434021 -0.427548885345459 -0.4897400150646593 0.29676778724450253 0.8198030456808817 0 0 0 0 0 0
1.2576125860214233 1.6829365491867065 3.0524799823760986 -0.7159042358398438 -0.6981968879699707 -0.0006270408630371094 0.6270061157659091 -0.6425123527473872 -0.4404960188308997 0 0 0 0 0 0
1.5516189336776733 1.210062861442566 3.102933168411255 -0.8019638061523438 -0.27508974075317383 -0.5302524566650391 0.535886336118348 -0.723551026721141 -0.4351134606092718 0 0 0 0 0 0
1.6553939580917358 0.655072033405304 2.9211013317108154 -0.8269309997558594 0.14151334762573242 -0.5442202091217041 0.29836616290526263 -0.709902942021903 -0.6379567781206784 0 0 0 0 0 0
1.5818465948104858 0.1655319482088089 2.7356579303741455 -0.3631782531738281 0.5678563937544823 -0.738680362701416 0.2898751806022268 -0.6845836583387366 -0.668789362926032 0 0 0 0 0 0
1.4314178228378296 -0.1604110449552536 2.451535940170288 0.2392578125 0.7345324754714966 -0.6349921226501465 0.28208618941757524 -0.6783541928132559 -0.6784050455290805 0 0 0 0 0 0
1.3617690801620483 -0.3386165499687195 1.9401365518569946 0.6968879699707031 0.6878075376152992 -0.20315885543823242 0.3171344721948451 -0.5496122793600426 -0.7728940470522917 0 0 0 0 0 0
1.3149932622909546 -0.3946811556816101 1.4437748193740845 0.9238433837890625 0.36736655980348587 0.10754585266113281 0.340119301525877 -0.6589097806385602 -0.6709282161436462 0 0 0 0 0 0
0.13621369004249573 -1.3319331407546997 1.0237890481948853 -0.42554857209324837 -0.884857177734375 0.189591646194458 -0.518715835318943 0.41017830848128434 0.7500880984102838 0 0 0 0 0 0
-0.3255859315395355 -1.1667033433914185 1.2175441980361938 0.23759841918945312 -0.8258533477783203 0.5113780498504639 -0.46956722581623395 0.3631942263704794 0.8047150213413845 0 0 0 0 0 0
-0.6939865350723267 -1.2677775621414185 1.6065813302993774 0.8038521558046341 -0.40032118558883667 0.43998003005981445 -0.34993080668707244 0.2798790758849036 0.893981839957912 0 0 0 0 0 0
-0.9966751337051392 -1.3965884447097778 2.042485475540161 0.9599685668945312 -0.07559150457382202 0.26969075202941895 -0.25095489782817765 0.19546332293297716 0.9480643231878071 0 0 0 0 0 0
-1.0555588006973267 -1.5238009691238403 2.501018762588501 0.8286857604980469 0.559309720993042 0.02144336700439453 -0.22689575151579486 0.3006586068980152 0.9263469144694424 0 0 0 0 0 0
-0.9067703485488892 -1.5606642961502075 2.986826181411743 0.4561614990234375 0.8748349547386169 -0.1630711555480957 -0.14858752718926052 0.25554453468034416 0.9552847146287365 0 0 0 0 0 0
-0.5980468988418579 -1.5117312669754028 3.4378063678741455 -0.236968994140625 0.912272036075592 -0.33406972885131836 -0.20915757938038645 0.28789600479289085 0.9345454218393036 0 0 0 0 0 0
-0.4960494935512543 -1.2545253038406372 3.834900140762329 -0.7287216931581497 0.5718317627906799 -0.37679076194763184 -0.15502322027026252 0.3981835946365644 0.9041166737439214 0 0 0 0 0 0
-0.5250946283340454 -0.8078681826591492 4.108922481536865 -0.9697914123535156 -0.06524860858917236 -0.23502707481384277 -0.24144797047301111 0.3935896735138876 0.8870169103206011 0 0 0 0 0 0
-0.6714187860488892 -0.38353270292282104 4.358679294586182 -0.8543777465820312 -0.5171932280063629 -0.05036354064941406 -0.36838097884452226 0.5344717233624039 0.760696214184577 0 0 0 0 0 0
-1.0769134759902954 0.000084712213720195 4.518772602081299 -0.5480194091796875 -0.814269369111571 0.1914215087890625 -0.5828013692535428 0.5358486943046081 0.6108964292622613 0 0 0 0 0 0
-1.4984604120254517 0.26394349336624146 4.5802788734436035 -0.08737564086914062 -0.8626678213477135 0.4981684684753418 -0.6422174740812413 0.43105789507574 0.6338129203778368 0 0 0 0 0 0
-1.9621673822402954 0.2420681267976761 4.671755313873291 0.3090476989746094 -0.49400240182876587 0.812680721282959 -0.7104288136152086 0.4481884921288439 0.5426024884908884 0 0 0 0 0 0
-2.444924831390381 0.2057064324617386 5.041356563568115 0.6816482543945312 -0.051699280738830566 0.7298421859741211 -0.6883788638559667 0.29274355328065055 0.6636597491395548 0 0 0 0 0 0
-3.7009596824645996 0.21536333858966827 4.251598358154297 -0.3915596008300781 0.6707620248198509 -0.6298905611038208 0.21032538505901116 -0.6011786302362065 -0.7709318873787067 0 0 0 0 0 0
-3.8022780418395996 -0.15167920291423798 3.7828080654144287 0.07753372192382812 0.9079429507255554 -0.4118621349334717 0.23066225507828336 -0.4182383615499614 -0.8785766844217936 0 0 0 0 0 0
-4.012193202972412 -0.21074216067790985 3.342362642288208 0.5610847473144531 0.8150744438171387 -0.1443934440612793 0.1331492100339239 -0.2610378254524913 -0.956118682717556 0 0 0 0 0 0
-4.179406642913818 0.0115516921505332 2.8915793895721436 0.9852218627929688 0.17076492542400956 0.012938976287841797 0.048409960134716525 -0.20523203369523235 -0.977520778437433 0 0 0 0 0 0
-4.155099391937256 0.1863601952791214 2.439098596572876 0.8695602416992188 -0.47023803228512406 0.15079855918884277 0.12831221598418804 -0.07973238795779225 -0.9885267045566606 0 0 0 0 0 0
-3.894631862640381 0.14442332088947296 1.8841315507888794 0.7444000244140625 -0.5100540816783905 0.4309692978858948 0.35666758538655197 -0.2418947553475891 -0.9023444790121679 0 0 0 0 0 0
-3.496041774749756 0.12254221737384796 1.5268512964248657 0.13078689575195312 -0.8799943327903748 0.456620454788208 0.5977039836578198 -0.2974866510398007 -0.7445098265575423 0 0 0 0 0 0
-3.182725429534912 1.2672737836837769 1.1042958498001099 -0.29773712158203125 0.7017040252685547 -0.647270679473877 -0.38712473861571306 0.5310219338927038 0.7537520999462042 0 0 0 0 0 0
-3.081307888031006 1.693510890007019 1.335875153541565 -0.7577896118164062 0.2429962158203125 -0.6055593490600586 -0.3903799623681169 0.5748035957988803 0.7191714229808425 0 0 0 0 0 0
-3.183701992034912 2.151880979537964 1.4784022569656372 -0.8931159973144531 -0.34960687160491943 -0.2830314636230469 -0.44539160802630356 0.5992663973782654 0.6652218708916819 0 0 0 0 0 0
-3.4349303245544434 2.5375678539276123 1.5027271509170532 -0.7599639892578125 -0.6253618001937866 0.1771700382232666 -0.44442645459143054 0.698854487650685 0.5604152942757011 0 0 0 0 0 0
-3.834908962249756 2.924443006515503 1.5360256433486938 -0.385589599609375 -0.7644659280776978 0.5166339874267578 -0.5437826000370433 0.6406515508966667 0.5421233875897771 0 0 0 0 0 0
-4.366860866546631 3.1236674785614014 1.5987979173660278 0.18779754638671875 -0.6193774938583374 0.7623028755187988 -0.5192424014636841 0.5961981636644885 0.6123342682009469 0 0 0 0 0 0
-4.786996364593506 3.1780917644500732 1.8475490808486938 0.6838417053222656 -0.17227888107299805 0.7089868187904358 -0.5190878064751664 0.5679954482933322 0.6386966570846094 0 0 0 0 0 0
