t = 0
b = 70 70 70
E = 0 0 0
-3.7888431549072266 -4.160442352294922 20.706676483154297 0.6327088547433422 0.525725134549944 0.5685882412007933 0.49347693564218287 0.2921275300193658 -0.8192325800369427 0 0 0 0 0 0
-3.722902297973633 -3.695059061050415 20.418319702148438 0.801707099105847 -0.03456339036020975 0.5967169339729647 0.570658685178011 0.34123526581142405 -0.7469318298195028 0 0 0 0 0 0
-3.483522415161133 -3.2834887504577637 20.22565460205078 0.6642453491494255 -0.7128869302000291 0.22487850249264957 0.5294591957867671 0.2363207254989332 -0.8147548555832531 0 0 0 0 0 0
-3.045289993286133 -3.1189396381378174 19.92210578918457 0.3400975543663172 -0.9231536938744588 0.1792230760811564 0.6610236369470504 0.09912585713754922 -0.7437888247641533 0 0 0 0 0 0
-2.5382251739501953 -3.0454678535461426 19.928451538085938 -0.13435355646971084 -0.9061402564691174 -0.4010722596615505 0.7786928702963921 0.15377279525584156 -0.608269135489194 0 0 0 0 0 0
-2.0553150177001953 -3.175978660583496 19.642169952392578 -0.6868392284919748 -0.46763981024458023 -0.5563855516446863 0.5745184608006833 0.11955885516691425 -0.8097124294157716 0 0 0 0 0 0
-1.7102222442626953 -3.404081106185913 19.257892608642578 -0.8698642990160168 0.03714914313664339 -0.4918902748190767 0.49242539594817897 0.006343377981693023 -0.870331540840076 0 0 0 0 0 0
-1.5475635528564453 -3.7243103981018066 18.899608612060547 -0.7570234330161197 0.5092557335009933 -0.4093581802784131 0.42556856197311854 -0.09109717239759943 -0.9003292199197436 0 0 0 0 0 0
-1.577341079711914 -3.88358473777771 18.47076416015625 -0.2183541077762881 0.9580565429490565 -0.1856048063217208 0.38910927075583696 -0.08894580687949019 -0.9168874624785843 0 0 0 0 0 0
-1.7809696197509766 -3.947270393371582 18.03176498413086 0.4523308664204432 0.8880378820812588 0.08237419056939864 0.22531774067601995 -0.02442172853367894 -0.973979206611764 0 0 0 0 0 0
-1.7066669464111328 -3.7491540908813477 17.436288833618164 0.5927105737004561 0.7241863436484377 0.3524887452058336 0.312257144625706 0.1968017893871483 -0.9293893324781696 0 0 0 0 0 0
-1.644754409790039 -3.4902238845825195 17.032567977905273 0.7786270364398913 0.4236575233004094 0.4628760536858599 0.24547416261986527 0.47322223905394606 -0.8460515043133284 0 0 0 0 0 0
-1.6183490753173828 -2.989309310913086 16.81997299194336 0.9534389000624613 -0.2519846573847138 0.16570454517119407 0.27864927608438794 0.5258654532157312 -0.8036293337427773 0 0 0 0 0 0
-1.300027847290039 -2.534562587738037 16.678321838378906 0.6532164939902199 -0.7557327830395946 -0.04664946535978568 0.4321783633452328 0.42272308856260793 -0.7965720636906154 0 0 0 0 0 0
-0.8362369537353516 -2.292609453201294 16.528310775756836 0.1659210269716822 -0.880468398292432 -0.44412342025277357 0.4844279200755885 0.46505305156698273 -0.7409826242763569 0 0 0 0 0 0
-0.3706378936767578 -2.181103229522705 16.223812103271484 -0.44407117821708425 -0.743441804974016 -0.5000950622570349 0.40090445173092804 0.3342915220350826 -0.8529506426973322 0 0 0 0 0 0
-0.05843544006347656 -2.2242071628570557 15.785512924194336 -0.7731331483075435 -0.5097647614962545 -0.37736590058553643 0.41726743549151 0.03927364400895798 -0.9079347268193878 0 0 0 0 0 0
0.2056560516357422 -2.551738739013672 15.391786575317383 -0.9631315775029102 0.014808128930684053 -0.26862293970234125 0.26671345590639295 -0.07821460998111722 -0.9605969015273631 0 0 0 0 0 0
0.2173137664794922 -2.781766891479492 14.888019561767578 -0.7410854130190205 0.6713493738829387 -0.00907903064284382 0.052049590176023584 0.04396408111968311 -0.9976763000762373 0 0 0 0 0 0
-0.04371833801269531 -2.87217116355896 14.37682819366455 -0.11436478923670962 0.9759452136538804 0.1856115161538334 0.17824169339672788 0.20396341403391197 -0.9626156161577154 0 0 0 0 0 0
-0.19098854064941406 -2.729987859725952 13.85094928741455 0.21945941706191655 0.89874219815379 0.3796050915366356 0.24480507123581477 0.32591451248288966 -0.913153989012953 0 0 0 0 0 0
-0.36268043518066406 -2.3829405307769775 13.464262008666992 0.791356201087596 0.4882205468690128 0.36796203692110785 0.196063584938979 0.3674139644501795 -0.9091567793223995 0 0 0 0 0 0
-0.3677997589111328 -2.0058867931365967 13.119325637817383 0.9500984162592162 -0.12196363664493305 0.28711995882918334 0.31159821778577584 0.32732408989750533 -0.8920568876733694 0 0 0 0 0 0
-0.029809951782226562 -1.593254804611206 12.808394432067871 0.6730579946742734 -0.7141025066447554 0.19248518334854434 0.2594124630800828 -0.015783875614310394 -0.9656376355907619 0 0 0 0 0 0
0.42423057556152344 -1.3894357681274414 12.54013729095459 0.1412585093407868 -0.9899250684414389 0.009715575640759287 0.17054767337903148 0.014666901859490772 -0.9852402616087323 0 0 0 0 0 0
0.9166851043701172 -1.4909703731536865 12.223660469055176 -0.40670156351431797 -0.902116073814382 -0.1441541799627527 0.340679380704903 -0.0033531036903905378 -0.9401735564554904 0 0 0 0 0 0
1.2988567352294922 -1.7051969766616821 11.95276165008545 -0.8360948514282643 -0.446346759773868 -0.31893568231622754 0.4212735134535161 -0.15000700347627363 -0.8944420192335554 0 0 0 0 0 0
1.494985580444336 -2.0526721477508545 11.602781295776367 -0.9051025813509479 0.26004705771252934 -0.33639982908275556 0.2997830009414475 -0.17077585578064738 -0.9385977623183043 0 0 0 0 0 0
1.502706527709961 -2.4318275451660156 11.183673858642578 -0.7129074464606725 0.647138101037008 -0.27013931769947597 0.13955098753107287 -0.2465958892536664 -0.9590182424137176 0 0 0 0 0 0
1.2484493255615234 -2.645503044128418 10.708555221557617 -0.06643295128719488 0.9884899617530519 -0.13592004449941478 0.07664986508546143 -0.1307626603330939 -0.9884462174772042 0 0 0 0 0 0
1.0183849334716797 -2.5925240516662598 10.201128005981445 0.48936895391065377 0.8720550181046312 -0.0061702793229955364 0.13743064636582572 -0.08410472976412303 -0.9869342490109335 0 0 0 0 0 0
0.9662837982177734 -2.3838143348693848 9.616147994995117 0.8320534809884166 0.3931579299577062 0.39129764487718327 0.3473432842026475 0.18071240846538653 -0.920160675287723 0 0 0 0 0 0
1.155019760131836 -2.062793493270874 9.128713607788086 0.8052926735494512 -0.17959394173851004 0.565021881008516 0.5884420671147544 0.12575830977678715 -0.7986994310576419 0 0 0 0 0 0
1.569478988647461 -1.8423391580581665 8.770296096801758 0.6197544236351393 -0.5556571167809095 0.5542108109333512 0.6546709215044919 -0.023395397674242223 -0.7555518777053788 0 0 0 0 0 0
2.0974864959716797 -1.7079246044158936 8.694625854492188 0.10990149695664651 -0.9627497256909459 0.24705187036065318 0.7404803036922103 -0.08649943597770153 -0.6664883850596584 0 0 0 0 0 0
2.6468639373779297 -1.8050106763839722 8.594698905944824 -0.3090479655423719 -0.9504871818183587 0.032610921377897326 0.8462110724982995 -0.2904695634226395 -0.44671495778218445 0 0 0 0 0 0
3.0889339447021484 -2.0889220237731934 8.68106460571289 -0.5494279645755451 -0.616616351846007 -0.5638379078941879 0.8230495784107744 -0.2831567148854637 -0.4923531926301676 0 0 0 0 0 0
3.4960994720458984 -2.4455113410949707 8.59584903717041 -0.5985455178626299 -0.06692950915290785 -0.7982879830306272 0.7459619071150156 -0.40983844399156605 -0.5249507433654143 0 0 0 0 0 0
3.659421920776367 -2.89270281791687 8.33738899230957 -0.2929313090174014 0.5759914690232185 -0.7631677900762233 0.680607822904325 -0.43498614002166797 -0.5895422371556467 0 0 0 0 0 0
3.725126266479492 -3.223612070083618 7.872054576873779 0.05496979405008824 0.949182621792372 -0.309888160841052 0.7046598419131311 -0.2567612875562592 -0.6614591056198509 0 0 0 0 0 0
3.9134044647216797 -3.320878744125366 7.40325927734375 0.256748488538413 0.9514724000070175 0.16964812306101928 0.8582141755126196 -0.14372407024726672 -0.492759394208526 0 0 0 0 0 0
4.239667892456055 -3.2224626541137695 6.994275093078613 0.30822670825832343 0.564487247040506 0.7657352311634021 0.9315269635129307 -0.015779040169354986 -0.3633297925297528 0 0 0 0 0 0
6.158964157104492 -1.0488770008087158 8.133849143981934 -0.7478913894965207 -0.6459613614768004 -0.15294570603976498 -0.4029434205376046 0.2586608207268181 0.8779129681616418 0 0 0 0 0 0
5.798727035522461 -0.7766605615615845 8.409235954284668 -0.36121344331840116 -0.9324145062615582 -0.011315338222021411 -0.5892879428640491 0.21884965187646022 0.7777175260135325 0 0 0 0 0 0
5.33326530456543 -0.6851414442062378 8.608851432800293 0.13311383563127055 -0.9685240324139847 0.2103375986363009 -0.6694285704979696 0.06863668198112279 0.7396988541884242 0 0 0 0 0 0
4.944189071655273 -0.7791426777839661 8.897011756896973 0.6674746813616618 -0.6263224151278765 0.4027378577307232 -0.5570864193901774 -0.061139829171679747 0.8282008467877155 0 0 0 0 0 0
4.61109733581543 -0.9796292781829834 9.181767463684082 0.8110442356628459 -0.36171053943079795 0.45975290478990055 -0.5553265493802101 -0.22899358456054006 0.7994838095818976 0 0 0 0 0 0
4.38654899597168 -1.353708028793335 9.43900203704834 0.7847570802529469 0.29811617380922284 0.543399550888864 -0.5179651294239791 -0.16605983637053845 0.8391282711513125 0 0 0 0 0 0
4.342954635620117 -1.6177743673324585 9.898313522338867 0.5352799128738938 0.753151929016697 0.3824102335086557 -0.19603472525861634 -0.3296005581161509 0.9235441833406243 0 0 0 0 0 0
4.463788986206055 -1.8418251276016235 10.299156188964844 -0.14755254020604688 0.9643090056867293 0.2198553829912165 -0.3740048197278985 -0.26018300477918255 0.8901826772322511 0 0 0 0 0 0
4.582944869995117 -1.9290602207183838 10.732402801513672 -0.5554574345403969 0.8312144324130397 0.023443672111443763 -0.2035439429547775 -0.16324499023806682 0.9653605214885245 0 0 0 0 0 0
4.663999557495117 -1.7803016901016235 11.220385551452637 -0.8748448633033612 0.43375882685936384 -0.21563799589430446 -0.17604645500162092 0.13001936049941837 0.9757574553016158 0 0 0 0 0 0
4.600851058959961 -1.4767518043518066 11.780843734741211 -0.902891826955123 0.034285745011952654 -0.4284983506463185 -0.42912720437928936 -0.013400646213523026 0.9031446534983617 0 0 0 0 0 0
4.286565780639648 -1.1177010536193848 12.083625793457031 -0.7044972848629316 -0.6333693756969517 -0.3201980786169881 -0.5100007818143858 0.13805298763440763 0.8490233066023156 0 0 0 0 0 0
3.8547801971435547 -0.9742483496665955 12.351240158081055 -0.3346634050246568 -0.9214662398475566 -0.19723177776034947 -0.6518258726349283 0.07521195943401165 0.754629838345802 0 0 0 0 0 0
3.377744674682617 -0.8978124260902405 12.471463203430176 0.1856422926160444 -0.9599168213348458 0.20999198868210397 -0.7713988328509969 -0.009992434638108292 0.6362735197429822 0 0 0 0 0 0
2.8424434661865234 -1.1359519958496094 12.634526252746582 0.6702817956290378 -0.5829131327725339 0.4592761632064341 -0.6444573056826152 -0.15035341689167314 0.7497123656318491 0 0 0 0 0 0
2.4965038299560547 -1.5814459323883057 12.928096771240234 0.8834438317610858 0.0015816058333005265 0.4685344113790132 -0.46844179125548313 -0.01718542512474384 0.8833272040238749 0 0 0 0 0 0
2.3878307342529297 -1.8011977672576904 13.381481170654297 0.65408566923135 0.6699559680432011 0.35118504835695113 -0.47381583731802324 0.000976739735621271 0.8806234145684008 0 0 0 0 0 0
2.363485336303711 -1.8632663488388062 13.941912651062012 0.589885667608626 0.8074521415309172 -0.007479190267760614 -0.265094296037549 0.20239746168064432 0.9427408348605616 0 0 0 0 0 0
2.486928939819336 -1.903096318244934 14.44839859008789 -0.00677109051727071 0.9835932848721425 -0.18027313246192708 -0.33823640208405925 0.16739867522478108 0.9260528169808776 0 0 0 0 0 0
2.572896957397461 -1.7167872190475464 14.920306205749512 -0.4930718920912984 0.7993818496482743 -0.34332021158447834 -0.30780884823336924 0.20880648332427013 0.928252964159554 0 0 0 0 0 0
2.6122188568115234 -1.4314943552017212 15.34103012084961 -0.8232476894328533 0.3824683080691675 -0.41950117421310823 -0.32228181133826905 0.29345576466305595 0.9000100823138293 0 0 0 0 0 0
2.4552745819091797 -0.9548731446266174 15.606128692626953 -0.8740334292118439 -0.41712968250416904 -0.24913528974064605 -0.37012337290741854 0.23944007126146918 0.8975951989075803 0 0 0 0 0 0
2.1767024993896484 -0.5849977135658264 15.89038372039795 -0.5802763268582734 -0.8053940562680227 -0.12091235923598294 -0.4636218130973565 0.20461054430522435 0.8620842995783184 0 0 0 0 0 0
1.7602519989013672 -0.5085917115211487 16.24768829345703 -0.23960114947417957 -0.9520353941896212 -0.19031525787719822 -0.6787097788472631 0.024081060591692738 0.7340116747149725 0 0 0 0 0 0
1.233327865600586 -0.45977142453193665 16.356781005859375 0.13282775463809862 -0.9799467466004926 0.14853000176702089 -0.6320904123446742 0.03167494292968234 0.7742469945775322 0 0 0 0 0 0
0.8306102752685547 -0.681002676486969 16.568300247192383 0.6581120303506074 -0.5566867590518467 0.5069402408609445 -0.5665832956520768 0.07725326039135759 0.8203750988705939 0 0 0 0 0 0
0.5611476898193359 -0.9494277238845825 16.865142822265625 0.8688497468859618 -0.07663699582632191 0.4891082581667544 -0.4938879714789067 -0.06577622613572881 0.8670341168049802 0 0 0 0 0 0
0.42581748962402344 -1.2567040920257568 17.20113182067871 0.7094726042155055 0.5013507102325914 0.49527375179484845 -0.4091346196882906 -0.27920317736197603 0.8687084946767213 0 0 0 0 0 0
0.42372703552246094 -1.5336154699325562 17.703262329101562 0.32396144352537615 0.9002128083553627 0.29097402423911545 -0.16145390594671064 -0.25044229629583703 0.954573880053618 0 0 0 0 0 0
0.6173076629638672 -1.662635087966919 18.13892364501953 -0.24168071426945625 0.9683187751990676 0.06284251703411657 -0.25264565524276333 -0.1253215684479917 0.9594085039068032 0 0 0 0 0 0
0.6656093597412109 -1.6356245279312134 18.59563636779785 -0.6855627613813345 0.7083685403182902 -0.16798128257200048 -0.2560332176883729 -0.01859875089416652 0.9664890469660352 0 0 0 0 0 0
0.6675777435302734 -1.3697404861450195 19.080978393554688 -0.899174948297573 0.13426863683244952 -0.4164809065458017 -0.4341984762314526 -0.15550692421786058 0.8872932321158464 0 0 0 0 0 0
0.3559856414794922 -1.1050249338150024 19.422344207763672 -0.7252635167997569 -0.3961647653224589 -0.563068654709397 -0.6118124076337939 -0.0041838314748168706 0.7909918289208372 0 0 0 0 0 0
-0.1421375274658203 -0.958261251449585 19.76703453063965 -0.29272175268232314 -0.8472288560453684 -0.44330265168465394 -0.5203380476110953 -0.2478171617577957 0.8172117048516769 0 0 0 0 0 0
-0.6676731109619141 -1.0057332515716553 19.938095092773438 0.2783010941573384 -0.9546140827988455 -0.10611528595328298 -0.49992137532481185 -0.23830011352918215 0.8326413840215531 0 0 0 0 0 0
-1.1350269317626953 -1.3906806707382202 20.045684814453125 0.7804022574942976 -0.5961075993731999 0.18875393099833665 -0.49512673402936175 -0.40477556593450975 0.7687693142105863 0 0 0 0 0 0
-1.375711441040039 -1.8533985614776611 20.27759552001953 0.909530696307005 -0.10323118566117916 0.4026130087097062 -0.3977699359070608 -0.4971437914040785 0.7711206966207501 0 0 0 0 0 0
-1.425790786743164 -2.2772552967071533 20.60785484313965 0.6259302257759162 0.4909647956979504 0.6059413518199434 -0.2502988679414996 -0.6093968519188667 0.7523203796113586 0 0 0 0 0 0
-1.3437747955322266 -2.675778388977051 20.8147029876709 0.2512535164795639 0.7384464206361471 0.6257543881638513 0.055789021438159725 -0.6564666827494464 0.7522892259808792 0 0 0 0 0 0
-1.2633991241455078 -2.9846596717834473 21.28034782409668 -0.19063951624634923 0.8265019347418637 0.5296707720021129 -0.008093531547665771 -0.5408713632141045 0.8410663845392963 0 0 0 0 0 0
-0.9554386138916016 -3.022801160812378 21.7353572845459 -0.6920198434025748 0.6427056571637413 0.32869130591909407 0.14834269969425204 -0.31899999691801567 0.9360734188159211 0 0 0 0 0 0
-0.7360172271728516 -2.818826198577881 22.14312171936035 -0.9832559150342817 0.03228302243778416 0.1793477404719084 0.15469571767099566 -0.372318563739774 0.9151219164838135 0 0 0 0 0 0
-1.801614761352539 0.4267430007457733 23.015703201293945 0.8482500299799295 0.5273145599695075 0.04910439372615583 0.171814306072481 -0.18630289047648882 -0.9673526126645534 0 0 0 0 0 0
-1.6743030548095703 0.6141255497932434 22.567567825317383 0.9364059450473134 0.15832069655990133 0.3131748123985001 0.29465166138533594 0.12996955915744782 -0.9467250456892329 0 0 0 0 0 0
-1.513254165649414 0.9291043281555176 22.187955856323242 0.8412929561126282 -0.4926093684617274 0.22262563216982398 0.29183071664024557 0.06720679291182428 -0.9541059059725749 0 0 0 0 0 0
-1.1448612213134766 1.1189528703689575 21.818143844604492 0.45641154979481496 -0.8789686980198219 0.13821188485522495 0.437903510610968 0.08667836038819893 -0.894833714851538 0 0 0 0 0 0
-0.6812534332275391 1.1688345670700073 21.63309669494629 0.012702905474656575 -0.9848347382746039 -0.17302940351308677 0.4774920173323788 0.15801303666432293 -0.8643108547438096 0 0 0 0 0 0
-0.27536964416503906 1.2437210083007812 21.362194061279297 -0.37733166890306646 -0.8620219867623834 -0.33843597028250444 0.5340148052669299 0.09603759469310232 -0.8400029572336554 0 0 0 0 0 0
0.06274223327636719 1.0885564088821411 21.07278823852539 -0.8568343118375766 -0.21362654126221967 -0.4692533035857796 0.47161827135976114 0.043050554614529446 -0.8807513019388687 0 0 0 0 0 0
0.2328777313232422 0.9139987230300903 20.623262405395508 -0.8615379595769417 0.3219460246824793 -0.3925596787740028 0.3731899173537661 -0.12264636229968366 -0.9196125028511433 0 0 0 0 0 0
0.21288108825683594 0.6324127912521362 20.213085174560547 -0.5525028332458843 0.7916253959544106 -0.2609019964187572 0.3653382783584317 -0.05134615639250208 -0.9294576453985485 0 0 0 0 0 0
0.18533897399902344 0.5888056755065918 19.70035171508789 0.08728030931684157 0.985582727037312 0.1449442505629389 0.41759323695396516 0.09590064805668022 -0.9035590485146051 0 0 0 0 0 0
0.018842697143554688 0.8470761775970459 19.20856285095215 0.6640821363094723 0.6217610145115885 0.41522061252804826 0.4405681410694964 0.12327396784599125 -0.8892149582221804 0 0 0 0 0 0
0.25948143005371094 1.1740914583206177 18.706787109375 0.6877589440666654 0.1945828826889344 0.699374818406246 0.6114907057967671 0.3639330201784596 -0.7025894060886179 0 0 0 0 0 0
0.42400169372558594 1.576411485671997 18.40018081665039 0.6964294377533734 -0.35705854828561784 0.6224911495970743 0.71498121725184 0.27084191430286786 -0.6445514071304438 0 0 0 0 0 0
0.8231258392333984 1.8780149221420288 18.38922119140625 0.4481695577157411 -0.8632165274321597 0.23238174262372777 0.7735951343455256 0.24422897016517042 -0.5847245319370382 0 0 0 0 0 0
1.3227062225341797 1.9873367547988892 18.365215301513672 -0.027542183189859012 -0.9500938590854435 -0.31074601698696885 0.7335182407381327 0.19198236839148625 -0.6519921477527398 0 0 0 0 0 0
1.8582592010498047 1.820232629776001 18.26620101928711 -0.43903456486641335 -0.6527636263157464 -0.6173720912153996 0.757390359942073 0.10075894305124154 -0.6451414403539846 0 0 0 0 0 0
2.2792415618896484 1.6650309562683105 17.988279342651367 -0.6939284823028742 -0.296870635107908 -0.6559962556748756 0.7037894350379343 -0.08715853161279645 -0.7050417161389009 0 0 0 0 0 0
2.5420970916748047 1.3732422590255737 17.6058349609375 -0.7595566228999832 0.32872470960857253 -0.561260903592556 0.5687920657266896 -0.08288630931990076 -0.8182942292926739 0 0 0 0 0 0
2.652311325073242 1.2128702402114868 17.12134552001953 -0.5447773625521252 0.746750548952455 -0.3815511012825905 0.43295047152981236 -0.13920250815626706 -0.890604598531311 0 0 0 0 0 0
2.470396041870117 1.0562971830368042 16.61528778076172 0.0943372628553436 0.9835818364501043 -0.15384164534482161 0.34391870007976605 -0.17721514037697564 -0.9221251117698795 0 0 0 0 0 0
2.369741439819336 1.0938570499420166 16.110790252685547 0.4803281194278018 0.8640620404153976 0.15060440896644256 0.4120658983304156 -0.07073233273382153 -0.9084044432625701 0 0 0 0 0 0
2.3812007904052734 1.3210591077804565 15.646954536437988 0.8077344360701207 0.4344921822143492 0.39847412008949445 0.4548760845594813 -0.029341662480106657 -0.8900712412715844 0 0 0 0 0 0
2.404569625854492 1.6380255222320557 15.282313346862793 0.9211321071333383 -0.30084248957658466 0.24700088597707232 0.2936321060407287 0.12047471753903577 -0.9482963823277911 0 0 0 0 0 0
2.724332809448242 1.721192717552185 14.876742362976074 0.8259138768920915 -0.41161644009353726 0.3852767501443588 0.5279264065394059 0.3247647678336144 -0.7847429864945393 0 0 0 0 0 0
3.1952953338623047 2.008213996887207 14.527892112731934 0.31295884871090557 -0.9117688557520273 0.26595923126333365 0.3997052470341002 -0.12758237669135494 -0.9077215722076866 0 0 0 0 0 0
3.6755123138427734 1.9460408687591553 14.308343887329102 -0.39224519265626423 -0.9196092817023749 -0.021505298065642494 0.4039746290391334 -0.15121131268872753 -0.902186032926495 0 0 0 0 0 0
3.9983577728271484 1.7030516862869263 14.0516939163208 -0.8314105629912714 -0.47993086534083995 -0.280040783172255 0.4205371866235119 -0.2140695023487199 -0.8816590740365309 0 0 0 0 0 0
4.099950790405273 1.3324251174926758 13.622879981994629 -0.9763529649289598 -0.011944178109683859 -0.21585232100608376 0.20851432133519698 -0.3156041965461235 -0.9256974499914095 0 0 0 0 0 0
4.110395431518555 0.9315038919448853 13.271763801574707 -0.7195546278664585 0.6257797677264383 -0.3010661386144369 0.2075199147876812 -0.21996279404818384 -0.9531798645591659 0 0 0 0 0 0
3.9611873626708984 0.6532057523727417 12.814276695251465 -0.3505716795846341 0.9199824372424089 -0.17530491333309967 0.07489388432619316 -0.15904555474995608 -0.9844264409313749 0 0 0 0 0 0
3.726682662963867 0.5897241234779358 12.334429740905762 0.3155516923019632 0.9487416860746708 0.01778602230848529 0.19116873226559877 -0.04520107043198742 -0.9805158739335974 0 0 0 0 0 0
3.6145687103271484 0.8211534023284912 11.908103942871094 0.796792603814924 0.5555491591228576 0.23766926242936717 0.26115393544551285 0.03808361936025155 -0.964545623564663 0 0 0 0 0 0
3.7194042205810547 1.1897460222244263 11.446453094482422 0.9256414802601254 -0.06928721166762698 0.3720042100852748 0.3779033896227861 0.11883012752611076 -0.9181875782778469 0 0 0 0 0 0
3.976804733276367 1.5589592456817627 11.179727554321289 0.7465775850589491 -0.5765015625454603 0.33206604444024423 0.5532756077820083 0.2608166216675072 -0.7911136401904582 0 0 0 0 0 0
4.435544967651367 1.7020783424377441 10.949902534484863 0.2980622870866913 -0.9067107296951583 0.2983865373510078 0.7896963941234834 0.058626156194514674 -0.6106902479311621 0 0 0 0 0 0
4.89228630065918 1.8605296611785889 10.91546630859375 -0.02119060404048276 -0.9667232598880741 -0.25494528254465604 0.8981077499287556 0.09363235246723933 -0.429692276041074 0 0 0 0 0 0
5.406583786010742 1.8797931671142578 10.82082462310791 -0.23693172964680959 -0.9093881742010754 -0.3418720581004032 0.9373047256498876 -0.1213918949535495 -0.326686178333237 0 0 0 0 0 0
5.842199325561523 1.613735556602478 11.007168769836426 -0.2826879763762356 -0.3987411324561538 -0.8724064518903404 0.9471202782293368 0.027925537659071912 -0.3196612940492417 0 0 0 0 0 0
6.246923446655273 1.3152836561203003 10.936820983886719 -0.31782313670697243 0.15510072579711875 -0.9353781153260685 0.9340991374307342 -0.11798913715409791 -0.33695306047696 0 0 0 0 0 0
6.53907585144043 0.9953084588050842 10.668371200561523 -0.24265329109945685 0.6076722874230966 -0.7562101370760536 0.8557710063867446 -0.23306343955461598 -0.46188463686378495 0 0 0 0 0 0
6.738042831420898 0.7645246386528015 10.26629638671875 -0.05435938749136698 0.9375139149348886 -0.3436753064958582 0.820896981177234 -0.15399358481506933 -0.5499219236672676 0 0 0 0 0 0
6.980886459350586 0.6908215284347534 9.84652328491211 0.08003216792873367 0.995492475604427 -0.05088794662389453 0.6144559449093941 -0.0894686387020323 -0.7838617572342134 0 0 0 0 0 0
3.2629833221435547 4.336130619049072 7.874053955078125 -0.8000011617102869 -0.48587558336766634 -0.3520270710461362 -0.3810018787124198 -0.041861433113689554 0.9236261087882233 0 0 0 0 0 0
2.906156539916992 4.451019763946533 8.096903800964355 -0.2735134994731492 -0.9541334370175906 -0.12173639542450311 -0.47458369582490195 0.023781290402382096 0.879889064532555 0 0 0 0 0 0
2.4789562225341797 4.504072666168213 8.43966293334961 0.27107348450338964 -0.9620025935169174 0.032713545602932464 -0.4032663364660227 -0.08264171111175068 0.911343299452953 0 0 0 0 0 0
2.0807933807373047 4.232064723968506 8.665182113647461 0.7443012501326021 -0.6367612541265012 0.20137217855079004 -0.4232210375883415 -0.21646943453574644 0.8797868703580555 0 0 0 0 0 0
1.7749614715576172 3.8654239177703857 8.947422981262207 0.9409449302175011 -0.08238370257028926 0.3283832575646817 -0.3370981660144101 -0.3180039622364939 0.8861367312506642 0 0 0 0 0 0
1.8034191131591797 3.4145827293395996 9.219881057739258 0.6954586068368022 0.5322447266890619 0.48275550446193766 -0.2456718533354405 -0.45522832931611673 0.8558110239222133 0 0 0 0 0 0
1.9344158172607422 3.104994297027588 9.633119583129883 0.42062894620185654 0.817381983091477 0.3936470288654034 -0.0545256968847604 -0.4103376891233373 0.9103021087881489 0 0 0 0 0 0
2.1887874603271484 2.8812155723571777 10.037406921386719 -0.10446522251177054 0.9243983678656899 0.3668442104937942 -0.004161218576765716 -0.369265469652723 0.9293146384202233 0 0 0 0 0 0
2.571371078491211 2.8635342121124268 10.450916290283203 -0.6817241773310195 0.6932689946946293 0.23373114263495737 0.028470662529699247 -0.2940942732273869 0.9553522804860914 0 0 0 0 0 0
2.637838363647461 2.929727792739868 10.978463172912598 -0.9349481598443405 0.3477934007487384 -0.07008344169137967 -0.11115196845016405 -0.09954896711832416 0.9888049570341608 0 0 0 0 0 0
2.518239974975586 3.1955113410949707 11.504826545715332 -0.905205051695372 -0.32557121893176616 -0.27314317818401224 -0.23166669490404382 -0.16079861742765214 0.9594135433198723 0 0 0 0 0 0
2.245321273803711 3.3617146015167236 11.901978492736816 -0.5212213637155069 -0.7678160079001598 -0.3725410957448976 -0.4010155792420966 -0.16498227297409893 0.9010923120354684 0 0 0 0 0 0
1.8524227142333984 3.38908314704895 12.214679718017578 -0.014953594951269624 -0.9680581147395304 -0.2502795966214172 -0.3665546991577189 -0.2275738442719239 0.9021351328535502 0 0 0 0 0 0
1.359579086303711 3.202418088912964 12.38614273071289 0.5943837350628867 -0.795344441014589 0.11889152888193118 -0.5422054295424455 -0.2871651656482477 0.7896514673024465 0 0 0 0 0 0
1.0648479461669922 2.842700481414795 12.498167037963867 0.7733151992484544 -0.2476482845486879 0.5836556602753162 -0.6340206009950582 -0.30028917209846717 0.7126319461224585 0 0 0 0 0 0
0.8282833099365234 2.4236183166503906 12.761225700378418 0.7542544118270678 0.2869479562089253 0.590560033076168 -0.5383895774484655 -0.24452950416481312 0.8064378367163667 0 0 0 0 0 0
0.7236309051513672 2.064013719558716 13.179902076721191 0.6481963270098078 0.6507241715679533 0.39547386030962306 -0.40439471069127875 -0.1458923167035326 0.902873385304824 0 0 0 0 0 0
0.7316646575927734 1.8666365146636963 13.710991859436035 0.18993349588669245 0.9788439098902985 0.07609117695852316 -0.4593811948689778 0.020107422607236237 0.8880116042917708 0 0 0 0 0 0
0.8824214935302734 1.9562214612960815 14.277236938476562 -0.30643486178483526 0.9254018470769086 -0.223000217285891 -0.28594855118986084 0.13395896406415417 0.9488352976250822 0 0 0 0 0 0
1.0765438079833984 2.268664598464966 14.697373390197754 -0.870715322141046 0.35564198629492405 -0.33966690355849416 -0.3609696440426934 0.006903724660430535 0.9325520117749487 0 0 0 0 0 0
0.8942623138427734 2.576949119567871 15.09320068359375 -0.8582697762261022 -0.20113671319924942 -0.4721408834449726 -0.49250492414258673 0.06419914847245661 0.867938574457154 0 0 0 0 0 0
0.5867214202880859 2.874737501144409 15.309072494506836 -0.6692552257862756 -0.687386491027591 -0.2821298543411115 -0.5476636358650796 0.1997327892719777 0.8125092952334005 0 0 0 0 0 0
0.11478996276855469 3.042356252670288 15.483367919921875 -0.1058959533584515 -0.9943648140163295 0.0049662569985062695 -0.7399656615323021 0.082137757633871 0.6676108211555155 0 0 0 0 0 0
-0.3937397003173828 2.996551513671875 15.74622917175293 0.35318283329110856 -0.9261929886816624 0.13201679433085314 -0.7147589746945037 -0.17608223495061 0.6768416761905699 0 0 0 0 0 0
-0.8690586090087891 2.7252042293548584 15.902961730957031 0.7718609855036211 -0.5218395521116367 0.36319980852046874 -0.5815909559130061 -0.34871731241069304 0.7349477505409884 0 0 0 0 0 0
-1.2238712310791016 2.3256490230560303 16.10707664489746 0.8372698221577957 -0.04903501126177143 0.5445868273970745 -0.5229270139372957 -0.36282755205519823 0.7712998804383777 0 0 0 0 0 0
-1.3106708526611328 1.9349008798599243 16.404762268066406 0.6401232531580561 0.47743795539629436 0.6019096439776931 -0.4488336408817612 -0.4034564238307695 0.7973526678217794 0 0 0 0 0 0
-1.3082294464111328 1.6110897064208984 16.84771156311035 0.15701288483719886 0.9445398740655009 0.2884291599256707 -0.31966218269458735 -0.22772403154535534 0.9197596720946524 0 0 0 0 0 0
-1.1014041900634766 1.5167875289916992 17.39891242980957 -0.3983116609770757 0.9141672713008767 0.0751400080648944 -0.3837535468934322 -0.24048789446453195 0.8915709662515522 0 0 0 0 0 0
-1.074319839477539 1.5772528648376465 17.91399383544922 -0.6265098953897994 0.7467628593161968 -0.22322764820819307 -0.21621408089021532 0.10864697358294251 0.9702820756646321 0 0 0 0 0 0
-1.0730762481689453 1.9233391284942627 18.304964065551758 -0.9578859897754661 0.15332850339673962 -0.24278550335222135 -0.225225919860541 0.12329738612838755 0.9664735069296418 0 0 0 0 0 0
-1.307565689086914 2.217719078063965 18.769458770751953 -0.7945844213964748 -0.44858333223710767 -0.4091559498688514 -0.4325563600589358 -0.054654018434268745 0.8999488505696038 0 0 0 0 0 0
-1.7111988067626953 2.468231439590454 18.950572967529297 -0.4201893020577766 -0.889625796444082 -0.1789047029494521 -0.5851976735212441 0.11497799706249154 0.8026977906390558 0 0 0 0 0 0
-2.2233142852783203 2.4862329959869385 19.197694778442383 0.0782583405002019 -0.996413400872163 -0.03218643665466505 -0.7031718308911992 -0.07805589387868324 0.7067224728787947 0 0 0 0 0 0
-2.672426223754883 2.353773832321167 19.38330841064453 0.4939071716481268 -0.8243268017946972 0.2766604952599374 -0.7746903573868428 -0.2726880215294413 0.5705226490562884 0 0 0 0 0 0
-3.062723159790039 1.9359737634658813 19.421850204467773 0.6945626749177313 -0.34138821205817943 0.6332746475888997 -0.7193786795858685 -0.3188257016071344 0.6171259898529725 0 0 0 0 0 0
-3.3107776641845703 1.5598125457763672 19.583576202392578 0.5959513678104377 0.2615840504822049 0.7592204895405495 -0.6776493546634421 -0.3434513849998951 0.6502557175956812 0 0 0 0 0 0
-3.4030399322509766 1.0616734027862549 19.950550079345703 0.3273771409626539 0.6334289437367995 0.701136207032272 -0.6159510570310849 -0.4196366368618427 0.6667153728132954 0 0 0 0 0 0
-3.3994312286376953 0.8551073670387268 20.447885513305664 -0.14127715410882358 0.9221777364028195 0.36004025915150645 -0.2547672426230038 -0.3853062508308319 0.8869231901111616 0 0 0 0 0 0
-3.3619937896728516 0.8575400710105896 21.06154441833496 -0.5647060122435222 0.8064846913533539 -0.17518436673603172 -0.4992344926091912 -0.1647888855189399 0.8506524229076583 0 0 0 0 0 0
-3.3435916900634766 0.9704956412315369 21.588653564453125 -0.8894855664488857 0.2969374118767955 -0.3473378765798735 -0.3570154350797628 0.022868332675601583 0.9338185147422629 0 0 0 0 0 0
-3.5806827545166016 1.2949426174163818 22.028352737426758 -0.8652676856099267 -0.20374363445625482 -0.45803969659604504 -0.47650370901201583 0.0504052875786436 0.8777263367826594 0 0 0 0 0 0
-6.182945251464844 1.018280267715454 19.910736083984375 0.8826328896707566 -0.15086471676408195 -0.4451954843741603 0.02680477323098685 0.9617100206270855 -0.2727550922668283 0 0 0 0 0 0
-6.2089080810546875 0.5514622926712036 19.643220901489258 0.8417148635334397 -0.2979963826404004 0.4502379864472998 0.5398643298395689 0.4767325138529514 -0.6937381462787807 0 0 0 0 0 0
-5.870363235473633 0.9286253452301025 19.46234893798828 0.6248295977198862 -0.7421931679218143 0.2423577424044609 0.7083843604192922 0.40838013615514346 -0.5756885115296789 0 0 0 0 0 0
-5.467073440551758 1.205579161643982 19.371435165405273 0.27528675909395234 -0.9544437794249928 -0.1151272000201688 0.6729162165766779 0.2768295615938561 -0.6859658586955208 0 0 0 0 0 0
-4.989099502563477 1.2678622007369995 19.1796875 -0.18236132030989413 -0.9236994978996933 -0.33693261408579434 0.7116786260262749 0.11244202394706183 -0.6934481411814746 0 0 0 0 0 0
-4.478799819946289 1.0055546760559082 19.032052993774414 -0.6996343071373393 -0.31962592144042706 -0.639023557171262 0.6629143545049213 0.04328786352047465 -0.7474427867490302 0 0 0 0 0 0
-4.20506477355957 0.7656596899032593 18.660966873168945 -0.8448664492119968 0.07884099939805674 -0.5291358802895793 0.5026812909219939 -0.22145910258014162 -0.8356239498969594 0 0 0 0 0 0
-4.032953262329102 0.4716600775718689 18.24214744567871 -0.6591950415443173 0.6326098808508688 -0.40652999379287574 0.2968862000643677 -0.27775436548377674 -0.9136252495777715 0 0 0 0 0 0
-4.160417556762695 0.22351910173892975 17.816356658935547 -0.11369728251802638 0.9753099113827087 -0.18932380913838784 0.20556164619305425 -0.16334278436637886 -0.964916340627435 0 0 0 0 0 0
-4.315164566040039 0.2022741734981537 17.290437698364258 0.4601302506078889 0.882328952968922 0.09887249985859078 0.11093603035461574 0.053353670951110044 -0.9923943686686261 0 0 0 0 0 0
-4.337244033813477 0.40618759393692017 16.80401611328125 0.8886043219636107 0.3410749905273781 0.3066760665985214 0.23576291954533793 0.23388213050300186 -0.943247048656308 0 0 0 0 0 0
-4.221811294555664 0.6837131977081299 16.352764129638672 0.8510415888076049 0.18182880294666787 0.49261191676492105 0.37711718012022705 0.44115748496442236 -0.8143480250593316 0 0 0 0 0 0
-3.975748062133789 1.1308653354644775 16.090238571166992 0.7629580313814137 -0.5380130792296733 0.3583810387400583 0.5385857468067764 0.22242690235253756 -0.8126817744027744 0 0 0 0 0 0
-3.506624221801758 1.4375323057174683 15.861678123474121 0.34658273670592277 -0.9265672553600541 0.14612846372958774 0.5869605993241428 0.09270859865564048 -0.8042899791594763 0 0 0 0 0 0
-3.0445728302001953 1.4460967779159546 15.697914123535156 -0.1388547242182586 -0.984989673084338 -0.102541257450259 0.7311574964005367 -0.03213004406687498 -0.6814516679307198 0 0 0 0 0 0
-2.581758499145508 1.312666893005371 15.656392097473145 -0.3593046439254495 -0.6338897307699494 -0.684897059475369 0.8753271224473733 0.02555218737871798 -0.48285558340787976 0 0 0 0 0 0
-2.131532669067383 1.0856393575668335 15.478602409362793 -0.636081629153486 -0.07424532592079754 -0.7680415305387867 0.7700436561096422 0.0025483530284507176 -0.6379861076717402 0 0 0 0 0 0
-1.8613910675048828 0.7517803907394409 15.191839218139648 -0.5689444384077056 0.567955594892043 -0.5947509295795728 0.7502308635822262 0.062242536750004185 -0.6582397116154507 0 0 0 0 0 0
-1.755899429321289 0.5721187591552734 14.7179594039917 -0.40727671110355174 0.8954733947755501 -0.1795914247446854 0.5539726685440522 0.08587819009188552 -0.8280937259590387 0 0 0 0 0 0
-1.752359390258789 0.5990167260169983 14.155174255371094 0.09260175389786184 0.9501012369546645 0.29788010123580994 0.6381585893434645 0.17301218321681366 -0.7502135691292923 0 0 0 0 0 0
-1.7385578155517578 0.7273916006088257 13.639294624328613 0.2362820390932483 0.8191363213246821 0.5226724453121706 0.18103248618994028 0.49137534982424297 -0.8519257623343668 0 0 0 0 0 0
-1.8914508819580078 1.088636040687561 13.384256362915039 0.8574679521392569 0.36419136185835566 0.3634740197068633 0.21981661566709956 0.37941793169588445 -0.8987339364819156 0 0 0 0 0 0
-1.8047122955322266 1.5921157598495483 13.137568473815918 0.9598779578657958 -0.20816339927230113 0.18788907686927944 0.26502403339467023 0.4544840624467053 -0.8504154859274143 0 0 0 0 0 0
-1.5123920440673828 1.9874563217163086 12.92406940460205 0.5923283370619206 -0.8054663427901199 -0.019264260841492183 0.39955199001979 0.3144196922324834 -0.8611030509803435 0 0 0 0 0 0
-1.1162967681884766 2.180983066558838 12.636359214782715 0.193310146832565 -0.9730363277361018 -0.12582325714037723 0.5658649107773303 0.21533409034191664 -0.7958819838943356 0 0 0 0 0 0
-0.6558094024658203 2.153886318206787 12.347630500793457 -0.4619966526668174 -0.809387315191481 -0.3625620870027399 0.310672146888931 0.235207864328738 -0.9209560671961158 0 0 0 0 0 0
-0.4754505157470703 2.1102051734924316 11.809998512268066 -0.8944729271258441 -0.41751123905534854 -0.16000796199374587 0.11136842088310807 0.13854409489964498 -0.9840744934192946 0 0 0 0 0 0
-0.33056068420410156 1.9603865146636963 11.351954460144043 -0.9963405393412976 -0.004933172651723305 -0.08532990960197044 0.08533314163355771 -0.11437527976249517 -0.9897659068275683 0 0 0 0 0 0
-0.29294776916503906 1.5730974674224854 10.937397003173828 -0.7868250195586877 0.610470914483594 -0.0907284473912971 0.08372663095373664 -0.040065078059881916 -0.9956830021594184 0 0 0 0 0 0
-0.5682315826416016 1.36309814453125 10.588028907775879 -0.18901791989831332 0.9697029966069831 -0.15475246146266045 0.007178649510930409 -0.1562245486886291 -0.9876954780590187 0 0 0 0 0 0
-0.7807178497314453 1.3151377439498901 10.026150703430176 0.11541371516150754 0.9888444602210215 0.09416107392556146 0.08524185301292159 0.08458518256071602 -0.9927634025215141 0 0 0 0 0 0
-1.0038700103759766 1.4569892883300781 9.605874061584473 0.7465940204712305 0.6427981182490338 0.17148745660282233 0.12003412228023307 0.12338377214007673 -0.9850727152149226 0 0 0 0 0 0
-1.192697525024414 1.8695656061172485 9.213495254516602 0.9454190513887059 0.2813320008525154 0.16442360708730283 0.09885261628183577 0.23319438291991093 -0.967392650390129 0 0 0 0 0 0
-1.0718555450439453 2.2120351791381836 8.76293659210205 0.8940218722642513 -0.39215320149705796 0.216658160401888 0.3524643403013873 0.3170980422004546 -0.8804644913047581 0 0 0 0 0 0
-0.8350467681884766 2.5420572757720947 8.513774871826172 0.5890065454885303 -0.8063321700333652 -0.0538490570107993 0.6065031593459073 0.48510541488513303 -0.6299417863204156 0 0 0 0 0 0
-0.35135841369628906 2.8285958766937256 8.410319328308105 -0.022621223536694216 -0.9167675224605947 -0.3987801273974994 0.5188053983678121 0.3302044921994219 -0.7885467341608472 0 0 0 0 0 0
0.1436901092529297 2.7643885612487793 8.203559875488281 -0.4814509558203124 -0.6486406986802306 -0.5894660475000488 0.5329853476206992 0.3172364539205686 -0.7844027355418552 0 0 0 0 0 0
0.5594997406005859 2.5846471786499023 7.917211055755615 -0.7681494924147574 -0.07860333393550248 -0.6354273154320441 0.628411609209368 0.09756857935226314 -0.7717377933819711 0 0 0 0 0 0
0.7636470794677734 2.4016904830932617 7.513163089752197 -0.7146615291508989 0.5464000949530359 -0.43669879206039985 0.5203726198530005 -0.0018723903960354035 -0.8539372521804687 0 0 0 0 0 0
0.8299846649169922 2.2932207584381104 6.934805870056152 -0.4592345185819408 0.8881939056816417 -0.01467115717330841 0.3727200547112151 0.17766815225655855 -0.9107764755909153 0 0 0 0 0 0
0.8242321014404297 2.389280319213867 6.4543681144714355 -0.14476763550772423 0.9491125447358929 0.27969216852543466 0.10729338966456801 0.2960609022901993 -0.9491238436944889 0 0 0 0 0 0
0.6824092864990234 2.608865261077881 6.01571798324585 0.47994732543819807 0.7708276532306442 0.4188977128365086 0.163509710870477 0.39052398844243486 -0.9059556219275126 0 0 0 0 0 0
1.2400188446044922 0.31580233573913574 6.118405818939209 -0.6250324424140267 -0.6411524459749653 -0.44526170613502747 -0.6616455036439263 0.13247600246992886 0.7380212302348509 0 0 0 0 0 0
0.6968441009521484 0.5045456290245056 6.140315532684326 -0.10902409232767774 -0.9912913238776102 0.07385972175076821 -0.6134249832044574 0.12556057326986356 0.7797078506855979 0 0 0 0 0 0
0.1854686737060547 0.4621921479701996 6.298145771026611 0.36323589261680667 -0.9022818482558469 0.23226526348742838 -0.6605455399428566 -0.07358217751182554 0.7471715016073742 0 0 0 0 0 0
-0.2478199005126953 0.27047115564346313 6.622610092163086 0.7223868349294865 -0.5717567187172973 0.38891067781971217 -0.5687666926302228 -0.17142964432886357 0.8044354084696652 0 0 0 0 0 0
-0.5220508575439453 -0.01440410129725933 6.876045227050781 0.8436288359071794 -0.04015433716603067 0.5354232124522191 -0.5236296297929567 -0.28208200543599954 0.8038916301418346 0 0 0 0 0 0
-0.6235904693603516 -0.45474570989608765 7.128818988800049 0.6341495659092911 0.4346866525661275 0.6394543315498866 -0.3867515414317404 -0.5378011665733725 0.7491282603349658 0 0 0 0 0 0
-0.5380954742431641 -0.802050769329071 7.562817096710205 0.13780584386079958 0.8859479289299134 0.44283836399143445 -0.42440137040436726 -0.3511617496678231 0.8346070346990422 0 0 0 0 0 0
-0.5277652740478516 -0.8663815259933472 8.044973373413086 -0.08047094026440303 0.9819937391683103 0.17091730166136895 -0.14671723306116805 -0.1812750823568743 0.9724265514882775 0 0 0 0 0 0
-0.1999225616455078 -0.8322011828422546 8.495706558227539 -0.5899978484595417 0.8023363310487063 0.09032691012324297 0.02856531253048687 -0.09106050050736408 0.9954355871513657 0 0 0 0 0 0
-0.07866859436035156 -0.607668399810791 9.000187873840332 -0.9710689809470933 0.19732453166074285 -0.13449187130545237 -0.13203536766060042 0.02561479518346805 0.9909139942267641 0 0 0 0 0 0
-0.1533679962158203 -0.3647101819515228 9.469453811645508 -0.9098837273543944 -0.2735779895035097 -0.31187607531660955 -0.3613157677099549 0.15314713738673152 0.9197808816856412 0 0 0 0 0 0
-0.41753578186035156 -0.09264299273490906 9.798258781433105 -0.599360639677524 -0.7636753785952908 -0.23993069777060377 -0.45698962073081845 0.08035157431209496 0.8858352618009011 0 0 0 0 0 0
-0.8578739166259766 0.05161699652671814 10.167521476745605 0.08073805545032793 -0.9742320349765037 -0.21060225171550367 -0.5513784751233617 -0.21967337753121918 0.804813881822787 0 0 0 0 0 0
-1.3239078521728516 -0.12379932403564453 10.336609840393066 0.53327479429778 -0.8415072296276567 0.08650766585133879 -0.5914790956396803 -0.29779858274890497 0.7493120067995772 0 0 0 0 0 0
-1.6803913116455078 -0.4652802348136902 10.506031036376953 0.8063069135396652 -0.5354954048306404 0.2512246655553697 -0.5740112427615005 -0.6058786016377482 0.5508377376876832 0 0 0 0 0 0
-1.8999195098876953 -0.9528424143791199 10.528213500976562 0.7114033596276549 0.08971652312006918 0.6970338624412244 -0.5020109938073126 -0.6292236503465147 0.5933485990050044 0 0 0 0 0 0
-2.0560169219970703 -1.4046882390975952 10.786454200744629 0.443823541753142 0.6261429944580286 0.6410659983783498 -0.5871660298813891 -0.3372214310362987 0.7358789029474612 0 0 0 0 0 0
-2.189210891723633 -1.6372392177581787 11.201436042785645 0.19477839010472292 0.9079513497069116 0.3710602718071686 -0.2689880761016057 -0.31435576385299757 0.9103987415674274 0 0 0 0 0 0
-2.1352787017822266 -1.774336338043213 11.654885292053223 -0.14907810832729895 0.974320256821921 0.1687476066912354 -0.07891854998402124 -0.18183367260677352 0.9801573230735728 0 0 0 0 0 0
-1.9449024200439453 -1.6831847429275513 12.121865272521973 -0.821741050392655 0.5680419359387929 -0.045497308870793104 -0.06872852320854954 -0.019533812300173075 0.9974441439371898 0 0 0 0 0 0
-1.8630237579345703 -1.4982911348342896 12.56589412689209 -0.9930345728305054 0.06653684978445375 -0.09723777447111992 -0.08440460313424153 0.17409540085097822 0.981104813142963 0 0 0 0 0 0
-2.0436344146728516 -1.0842114686965942 12.943653106689453 -0.8463369927723082 -0.5137637164417928 -0.14057218193171542 -0.28777197800836024 0.21895658783891273 0.9323332565746523 0 0 0 0 0 0
-2.309610366821289 -0.7265098094940186 13.332537651062012 -0.5260281115829604 -0.8497111029226921 -0.03585341537938539 -0.25086599180717706 0.11474531347499849 0.9611970490956191 0 0 0 0 0 0
-2.7914295196533203 -0.6332884430885315 13.632081985473633 0.06319047009037256 -0.9967726538239806 0.04951000988140192 -0.38890254672690633 0.0210937119934198 0.9210373849435566 0 0 0 0 0 0
-3.245088577270508 -0.8067373633384705 14.000441551208496 0.5388828900678091 -0.8394273614288305 0.07047649024176388 -0.4101461983642579 -0.18837947446764836 0.892352659864159 0 0 0 0 0 0
-3.519014358520508 -1.2301031351089478 14.23037052154541 0.9427521852942862 -0.17373302994844297 0.28466673748048105 -0.3111035649266698 -0.15065669021814185 0.9383587446080695 0 0 0 0 0 0
-3.623208999633789 -1.5766215324401855 14.627745628356934 0.8858113025746575 0.38730790047993213 0.25559915190942123 -0.1778892796052101 -0.22531045744182504 0.9579094957086994 0 0 0 0 0 0
-3.5497684478759766 -1.8873203992843628 15.040061950683594 0.6234775078098274 0.7573553335915588 0.19413576676044345 -0.01509712030131094 -0.236597438458899 0.9714904678242063 0 0 0 0 0 0
-3.207307815551758 -1.998234748840332 15.374663352966309 -0.160636691754768 0.9434276400834722 0.2900692006894457 -0.0030335560520001314 -0.2943562390227718 0.9556909553229267 0 0 0 0 0 0
-3.0387744903564453 -1.9562790393829346 15.917913436889648 -0.6225420903293256 0.7812964388251044 0.04491347734927478 -0.1570824085581068 -0.18097510095521374 0.9708620549572604 0 0 0 0 0 0
-2.9270572662353516 -1.780959129333496 16.36556053161621 -0.9648444354887187 0.2408108586507512 -0.1052869681505926 -0.11380623507536627 -0.021707363956997835 0.9932657908173467 0 0 0 0 0 0
-3.031229019165039 -1.5566493272781372 16.87793731689453 -0.9377978761630226 -0.19396541535885967 -0.28794541341856716 -0.2566262939785749 -0.17132646039043498 0.9512045990263645 0 0 0 0 0 0
-3.260507583618164 -1.379424810409546 17.24456214904785 -0.5350092617456784 -0.8131833815778298 -0.22912415361980032 -0.2841458863870077 -0.08220804211608151 0.9552502044285478 0 0 0 0 0 0
-3.6795902252197266 -1.3083229064941406 17.57008934020996 -0.09428029719404694 -0.9670367443406248 -0.23653997686667474 -0.5585832570709328 -0.14529017278443912 0.8166244611890437 0 0 0 0 0 0
-4.191476821899414 -1.4294681549072266 17.652435302734375 0.4225350679547757 -0.8925065065241138 0.15778546245004657 -0.6717223556942339 -0.1914956352476299 0.7156245513827036 0 0 0 0 0 0
-4.600778579711914 -1.650926113128662 17.887033462524414 0.7396136307015733 -0.5844815933183974 0.3336958860286175 -0.6141211001874969 -0.38322470016932736 0.6899232591271496 0 0 0 0 0 0
-4.728372573852539 -2.1332027912139893 17.976451873779297 0.6804479162057037 -0.0651873395267633 0.7298912549803143 -0.6141485288131797 -0.5941009774264627 0.5194859123956381 0 0 0 0 0 0
-4.719598770141602 -2.6898372173309326 18.248342514038086 0.3651036170613169 0.39835695199864524 0.8414339472609197 -0.48783896895798307 -0.6879347840459586 0.5373628878752723 0 0 0 0 0 0
-4.683122634887695 -3.075953245162964 18.712736129760742 -0.0859448957225672 0.7502457963012191 0.6555491743809818 -0.5116167830309907 -0.5978368367311807 0.6171218550402149 0 0 0 0 0 0
-4.779977798461914 -3.2843258380889893 19.13636589050293 -0.4962355324219885 0.8317874645761419 0.24875672882529015 -0.46094345995846553 -0.4952237541112462 0.7363997284664644 0 0 0 0 0 0
-4.998262405395508 -3.4398863315582275 19.65981101989746 -0.6679413290786125 0.6830911984006154 -0.2953655287543006 -0.6377214336130788 -0.32077237929412894 0.7002974038167378 0 0 0 0 0 0
-5.198366165161133 -3.3551268577575684 20.147924423217773 -0.7175069740845661 0.27576289449295116 -0.6396394047906047 -0.6965501309253868 -0.2857558589129299 0.6581500620715312 0 0 0 0 0 0
7.222692489624023 1.8856223821640015 9.79886531829834 -0.27887304838684596 -0.9597439873582898 0.03348584197894511 -0.804561038620843 0.25253512711638215 0.5375012043760118 0 0 0 0 0 0
6.726987838745117 1.84745454788208 9.715688705444336 0.09107538975581292 -0.7845930251937681 0.6132854622425987 -0.9277940320211895 0.15689420632100873 0.3385002838533007 0 0 0 0 0 0
6.253828048706055 1.7834877967834473 9.852265357971191 0.2597988406024972 -0.8183664671066434 0.5126215835652937 -0.9632572371030033 -0.18217606907240474 0.197350893147244 0 0 0 0 0 0
5.846837997436523 1.513594627380371 9.823745727539062 0.34364654901305547 -0.19162331528687526 0.9193408260214948 -0.930143154355082 -0.20433047867216145 0.3050946867645906 0 0 0 0 0 0
5.468267440795898 1.1930516958236694 9.90301513671875 0.25754900399236225 0.33090108177558186 0.9078397350977165 -0.8627987582326976 -0.34423623956723 0.37024277732418726 0 0 0 0 0 0
5.152830123901367 0.8730646967887878 10.2207612991333 0.1903920857481632 0.6662848300518776 0.720982232046813 -0.8514615341167995 -0.2534728289032156 0.4590912555552194 0 0 0 0 0 0
4.83210563659668 0.7151892185211182 10.64172649383545 0.03675461589083035 0.972596015613372 0.22957806651270343 -0.7965357120738163 -0.11021904079639225 0.594459941827018 0 0 0 0 0 0
4.91114616394043 -0.6788078546524048 10.273056983947754 -0.3866594458819138 -0.8824265765597487 -0.2679884510409609 0.6620628829171379 -0.0633109977908371 -0.7467693463327059 0 0 0 0 0 0
5.331090927124023 -0.9562775492668152 10.067526817321777 -0.8115598626202437 -0.36022919924880187 -0.4600059927787663 0.4947040029266934 -0.004759174095480254 -0.8690485025303449 0 0 0 0 0 0
5.538076400756836 -1.3317019939422607 9.832751274108887 -0.6980693141643849 0.37883215936513215 -0.6076063097539527 0.6062782286059751 -0.13875405957307702 -0.7830542896060223 0 0 0 0 0 0
5.71937370300293 -1.5177528858184814 9.383049011230469 -0.669478644473496 0.6263934736973504 -0.39928631419483546 0.34657202402770054 -0.2120430106004278 -0.9137426299658181 0 0 0 0 0 0
5.584707260131836 -1.8243381977081299 8.905899047851562 -0.1947970691254644 0.9597836775097334 -0.20216180214378127 0.2649148645302623 -0.14696728633542938 -0.9530061549109288 0 0 0 0 0 0
5.376180648803711 -1.9016270637512207 8.48171615600586 0.3639416919382425 0.9294862386294912 -0.060014807069004764 0.1635237528799686 -0.12719491223297238 -0.9783053902264353 0 0 0 0 0 0
5.285940170288086 -1.7920045852661133 7.9052252769470215 0.7856011154318933 0.5965846821554381 0.1640658540027748 0.2553112453980867 -0.07102571978252607 -0.9642466049215067 0 0 0 0 0 0
4.610784530639648 -2.451881170272827 7.831179141998291 -0.30880170742403806 -0.6349973529002076 -0.7081100672224114 -0.9503794440958814 0.23550302872952522 0.20326641557134859 0 0 0 0 0 0
4.179975509643555 -2.169888496398926 7.640210151672363 -0.18774061949150544 -0.9360185000590279 -0.29769586382782304 -0.9628173817739621 0.11543348439544948 0.2442494627102756 0 0 0 0 0 0
3.7230358123779297 -2.0694642066955566 7.434752464294434 0.006351456857474866 -0.9532257630230422 0.30219249445498564 -0.8815758446773765 0.1373029084050235 0.4516325291925861 0 0 0 0 0 0
3.2405452728271484 -2.2170135974884033 7.413080215454102 0.28324139999964804 -0.5592670584412243 0.7790986244813551 -0.8710243113893695 0.1899631691353649 0.4530238882671898 0 0 0 0 0 0
2.809286117553711 -2.4483067989349365 7.594648838043213 0.5149462881867996 0.035928509009144086 0.8564691836388613 -0.8405844993139511 -0.17472900500869304 0.5127255350787462 0 0 0 0 0 0
2.487119674682617 -2.755223274230957 7.923986911773682 0.5050490854290434 0.5320155384708181 0.67962113573144 -0.7578696701793727 -0.10342013075786476 0.6441566886839221 0 0 0 0 0 0
2.342741012573242 -2.9369184970855713 8.474884986877441 0.1608663304267464 0.9851763352965899 0.05957862122115789 -0.6372963121125179 0.057589177051541166 0.7684639856586061 0 0 0 0 0 0
-6.044891357421875 -3.01177978515625 19.36827278137207 0.6833880921238183 -0.14480064542774956 0.7155511782025621 0.6484617977017956 0.5706552952974955 -0.503835122704128 0 0 0 0 0 0
-5.763399124145508 -2.554748058319092 19.328407287597656 0.6216653344078595 -0.7033485553952912 0.344721658180801 0.7762958532970581 0.494592411433954 -0.3908236107321806 0 0 0 0 0 0
-5.276018142700195 -2.267831802368164 19.465911865234375 0.4625118778223046 -0.8739558086828022 -0.14927828825008316 0.7284366287538672 0.47055502049904224 -0.4979538638999069 0 0 0 0 0 0
-4.785531997680664 -2.1362078189849854 19.41570472717285 0.06649025722738253 -0.8683704364775486 -0.49143853201151017 0.7208995559515733 0.38232893970300125 -0.5780384174900519 0 0 0 0 0 0
-4.284082412719727 -2.0479073524475098 19.12535858154297 -0.48730596813726257 -0.5463673074714258 -0.6811869484541154 0.6909384845068005 0.23576770018199988 -0.6833868612860042 0 0 0 0 0 0
-3.8497791290283203 -2.109531879425049 18.76838493347168 -0.7965227906449605 0.02914469757531446 -0.6039056470893512 0.594695203378887 0.21789966938686361 -0.7738587397963792 0 0 0 0 0 0
-3.749391555786133 -2.3499667644500732 18.370649337768555 -0.6002414610203836 0.6967930513706267 -0.39266987665687614 0.4672240465122899 -0.09299968457911985 -0.8792341832690913 0 0 0 0 0 0
-2.7710742950439453 -3.413923978805542 18.71373176574707 0.9044941795129402 -0.1169658391669876 0.41013323651610545 -0.42279189853023835 -0.37221021062784065 0.8262605942688878 0 0 0 0 0 0
-2.780710220336914 -3.8525893688201904 19.005901336669922 0.598104967024862 0.5359684641762988 0.595825690809559 -0.47621531713885956 -0.36028742057046026 0.8021296318557368 0 0 0 0 0 0
-2.750009536743164 -4.152904987335205 19.449390411376953 0.09252528832159927 0.9204219368785973 0.3798190742098881 -0.39002139084924387 -0.3174722325188877 0.8643463983030732 0 0 0 0 0 0
-2.704774856567383 -4.268268585205078 20.012948989868164 -0.30948514266705035 0.9501156686729906 -0.03871902130001924 -0.3481181790309976 -0.07531457910207315 0.9344203805583544 0 0 0 0 0 0
-2.629060745239258 -4.068757057189941 20.554244995117188 -0.7605376742575277 0.5601166660746472 -0.3284079268537421 -0.4644798871501488 -0.115911009659258 0.8779653024309997 0 0 0 0 0 0
-2.711130142211914 -3.7128045558929443 20.964046478271484 -0.9024757873061904 -0.12465403897074155 -0.4123091363217076 -0.4110478159999481 -0.03688735728109831 0.9108671779323755 0 0 0 0 0 0
-3.0241641998291016 -3.508948802947998 21.370677947998047 -0.5896968670797098 -0.6451478419087809 -0.48584140111441504 -0.5409932281002228 -0.1311138059988296 0.830743941913633 0 0 0 0 0 0
-1.9114322662353516 -2.760308265686035 22.376667022705078 0.9991610731387679 0.033623503918036694 -0.023379690084755742 -0.039418911277063255 0.634815849159717 -0.7716572989931207 0 0 0 0 0 0
-1.836587905883789 -2.344082832336426 22.132673263549805 0.7520482443039078 -0.5743507636031616 -0.32333363355499367 0.05699101855969457 0.5453902641747561 -0.8362424789179981 0 0 0 0 0 0
-1.5029926300048828 -1.9758168458938599 21.87232780456543 0.18235982665254952 -0.8304720697772321 -0.5263658755496715 0.26592148302677415 0.5570492698158702 -0.7867540122951054 0 0 0 0 0 0
-1.032632827758789 -1.8426250219345093 21.65960121154785 -0.3849415851364225 -0.6335799912695571 -0.6711157654946922 0.4253813514553343 0.5235166540110212 -0.7382282972137673 0 0 0 0 0 0
-0.6265506744384766 -1.8824626207351685 21.34661293029785 -0.845197218395719 -0.07084437057415316 -0.5297383667189787 0.43913184100461017 0.47291713690566306 -0.7638799695219479 0 0 0 0 0 0
-0.31467628479003906 -1.8068761825561523 20.83251190185547 -0.8994654197663094 -0.08182894428751977 -0.4292621373023796 0.4244405829087162 0.070147536764995 -0.9027344652033138 0 0 0 0 0 0
-0.16852760314941406 -2.032846212387085 20.280532836914062 -0.8708037646077524 0.42081358273456926 -0.2541982142562407 0.3719465190288854 0.2257991871957642 -0.9003724307440935 0 0 0 0 0 0
-3.0488529205322266 -1.4317508935928345 12.293131828308105 0.9569611034782093 -0.012541791897645064 0.2899450808097358 0.2864359597389874 0.20154394686426116 -0.936661346726116 0 0 0 0 0 0
-2.8861942291259766 -1.0062990188598633 12.06165599822998 0.8205874439344031 -0.568950597760936 0.05414299737432698 0.3554211235707678 0.4338294182198518 -0.8279298646665175 0 0 0 0 0 0
-2.478944778442383 -0.6182327270507812 11.8132905960083 0.3882037997554418 -0.9213607070280122 -0.019805489145141103 0.5837923064275555 0.2624889067882177 -0.7683007983655372 0 0 0 0 0 0
-2.060800552368164 -0.5461799502372742 11.605298042297363 -0.10812774772219767 -0.9324236059626991 -0.34481097606665895 0.7267680970148048 0.16251851556282512 -0.667379850805173 0 0 0 0 0 0
-1.5080890655517578 -0.7012749910354614 11.56540584564209 -0.440849693878711 -0.6202995330356522 -0.6487526776228355 0.7462600255175601 0.1483164216826445 -0.648920806704321 0 0 0 0 0 0
-1.1037158966064453 -0.9024166464805603 11.338069915771484 -0.7038562036210928 -0.08440049873702139 -0.7053105702008475 0.7042145329662 0.04723219778150535 -0.7084144345310347 0 0 0 0 0 0
-0.7966175079345703 -1.1320116519927979 10.90625 -0.75248770684029 0.513785392348435 -0.4120519647612504 0.6094279721381615 0.30596933145980587 -0.7314234853910613 0 0 0 0 0 0
0.3876018524169922 -1.759825348854065 11.250229835510254 0.92960997531859 -0.2820347290912863 0.23723765589504334 -0.3499859508690872 -0.47387662849477663 0.8080536957162467 0 0 0 0 0 0
0.35333824157714844 -2.2475931644439697 11.545988082885742 0.7651697392630853 0.5251040993344411 0.3725331595686853 -0.24566344561204467 -0.29671990361489115 0.9228254278512203 0 0 0 0 0 0
0.3059825897216797 -2.5036675930023193 12.076732635498047 0.5783845037452708 0.8123959576240218 0.07405520821309795 -0.010017278400628746 -0.08370029241795564 0.9964406230090146 0 0 0 0 0 0
0.6021938323974609 -2.5488903522491455 12.491809844970703 -0.2682296367765279 0.9613968018130582 0.061392600680825506 -0.12870527357212322 -0.09891952870667967 0.9867369859264288 0 0 0 0 0 0
0.7305202484130859 -2.469589948654175 13.079164505004883 -0.6319642621105328 0.7441752074448716 -0.21638953773108366 -0.1970951570391822 0.11570551400819679 0.9735326050522393 0 0 0 0 0 0
0.8069286346435547 -2.1334643363952637 13.4852876663208 -0.9576306789808271 0.15714466149065956 -0.24134837484372293 -0.21751064774100323 0.15463468538286376 0.9637308920003718 0 0 0 0 0 0
0.5630626678466797 -1.777003288269043 13.856410026550293 -0.7723120685811175 -0.5526232981960718 -0.31327553210369125 -0.3916574738618043 0.025963954935713462 0.9197446907768952 0 0 0 0 0 0
1.6251049041748047 -1.1563607454299927 14.749246597290039 0.828439853907897 -0.057080529229326216 0.5571617553637025 0.5595827446271333 0.04252885940901887 -0.8276825768571746 0 0 0 0 0 0
2.0303707122802734 -0.7625165581703186 14.485077857971191 0.5356208112922484 -0.7285433124791413 0.4270070120648533 0.5644657415808291 -0.0672105362030166 -0.8227157287939182 0 0 0 0 0 0
2.5656871795654297 -0.6782508492469788 14.253851890563965 -0.10200520504053062 -0.9863990529185728 0.12888695258241503 0.393223938259029 -0.15899229284083882 -0.9055917320720593 0 0 0 0 0 0
2.9940624237060547 -0.8499055504798889 13.94978141784668 -0.4948622794561345 -0.8681620607732371 0.037496141207393655 0.3697443932795652 -0.24941515634597572 -0.8950313756641377 0 0 0 0 0 0
3.325132369995117 -1.0896300077438354 13.759730339050293 -0.8116554541575555 -0.4882063496878505 -0.3207335091018034 0.5415770321349965 -0.4231921848102357 -0.7263626456387942 0 0 0 0 0 0
3.505338668823242 -1.5321550369262695 13.575239181518555 -0.8446272061409323 0.004282871523585285 -0.5353377808991957 0.4872761814955908 -0.40802135558369435 -0.7720624950965568 0 0 0 0 0 0
3.6104183197021484 -1.8951561450958252 13.191781044006348 -0.5393592947185829 0.7185356736023564 -0.4390877326474523 0.30141370168602016 -0.32215131796941393 -0.8974231492258824 0 0 0 0 0 0
3.550077438354492 -2.0960679054260254 12.684688568115234 -0.07608423651126495 0.9855175991862678 -0.1515461997168944 0.4036949067000398 -0.10852663282703126 -0.9084340329774491 0 0 0 0 0 0
3.4676647186279297 -2.0569441318511963 12.123658180236816 0.3828413309592428 0.8968093225096988 0.22173307008439305 0.27814611399430206 0.11698353626779369 -0.9533884788018735 0 0 0 0 0 0
3.4505748748779297 -1.8582618236541748 11.668216705322266 0.8034107209154348 0.46262348913783186 0.3748475967857871 0.3310250723847438 0.17625594127566543 -0.9270146949308324 0 0 0 0 0 0
3.487325668334961 -1.583314061164856 11.273758888244629 0.9451319319378938 0.063806049463224 0.3203972835141415 0.2937217586982373 0.26337198212033475 -0.9188921196208076 0 0 0 0 0 0
3.687101364135742 -1.1565595865249634 11.077383041381836 0.7738998506636249 -0.6322682506446663 0.03627506539694102 0.32858213112466866 0.3519007246810221 -0.8764700012405118 0 0 0 0 0 0
4.02277946472168 -0.8428218364715576 10.799189567565918 0.4190045100847224 -0.9067549278243884 0.047230513387531585 0.5664346855828233 0.22038290467434424 -0.7940926408776167 0 0 0 0 0 0
4.46290397644043 -0.7026063799858093 10.669544219970703 -0.11297239822605921 -0.9167341222445273 -0.3831915791762766 0.5819789601147399 0.25152839648235925 -0.7733265518180398 0 0 0 0 0 0
4.732717514038086 0.6195242404937744 11.143425941467285 -0.19311854575343973 0.9686501410525142 -0.1562758187469224 -0.6091769649990606 0.00648796660023157 0.7930077752480916 0 0 0 0 0 0
4.911138534545898 0.9045596718788147 11.496463775634766 -0.8191892382866799 0.5262255580295758 -0.22806940599683787 -0.2604096594059204 0.013028189833736504 0.9654103146112273 0 0 0 0 0 0
4.829687118530273 1.140044927597046 11.907904624938965 -0.9337626273828246 -0.018236955268965113 -0.35742799158102057 -0.35785630469481233 0.061865500811078236 0.9317250264963199 0 0 0 0 0 0
4.578718185424805 1.467714786529541 12.23571491241455 -0.7983710994170804 -0.4621382400382212 -0.3860464152274149 -0.5203713327363573 0.20688637501145926 0.8284996704289056 0 0 0 0 0 0
4.206487655639648 1.6945632696151733 12.376160621643066 -0.44632223276492194 -0.894610536422973 -0.02164376724914509 -0.6333710369640226 0.2987185586042412 0.7138685819396474 0 0 0 0 0 0
3.5880794525146484 1.752548098564148 12.5913724899292 0.2732282333396712 -0.9438426133286126 0.18576182000372723 -0.41749012181478923 0.05762452043157705 0.9068524757820883 0 0 0 0 0 0
3.243375778198242 1.6642265319824219 12.979680061340332 0.7419185462919154 -0.644772764094854 0.18391561475190998 -0.22591738429917055 0.01786415555487783 0.9739826525240232 0 0 0 0 0 0
2.048330307006836 2.272660255432129 12.461409568786621 -0.5579028162790947 0.829436381952196 -0.027923751214789558 0.30982952579544765 0.17695018937694962 -0.9341810827804371 0 0 0 0 0 0
1.8765621185302734 2.2212109565734863 11.946572303771973 -0.08106222709122718 0.9801186193937284 0.181097783688101 0.14120977824144276 0.1911563973182231 -0.9713490774656247 0 0 0 0 0 0
1.6868343353271484 2.359339475631714 11.498669624328613 0.4357167100815669 0.8394446534237034 0.3247824231605744 0.06829768594544496 0.32896099567011233 -0.9418705268890336 0 0 0 0 0 0
1.5085430145263672 2.73416805267334 11.144308090209961 0.8665626286655427 0.3297722555992667 0.3745924052049595 0.189402154368161 0.47712040230398445 -0.8581858456220212 0 0 0 0 0 0
1.5075435638427734 3.2160463333129883 10.911395072937012 0.9479211390864878 -0.2868613969677816 0.13840539369066587 0.2760761572705422 0.5233156894799673 -0.8061777995770149 0 0 0 0 0 0
1.7823772430419922 3.63919997215271 10.807769775390625 0.5516456019609434 -0.7274543848701409 -0.408040742782327 0.208893287657471 0.5941172951324994 -0.7767806859056781 0 0 0 0 0 0
2.157369613647461 3.966881513595581 10.489540100097656 0.010662049103379005 -0.9209744263049164 -0.3894771197403602 0.1506319860713523 0.38653382363498767 -0.9098909868540936 0 0 0 0 0 0
2.2530345916748047 -2.810344696044922 9.032182693481445 0.009136204955860894 0.9488563966932575 -0.3155757725385333 -0.596317273321924 0.2585026996211694 0.7599881997942292 0 0 0 0 0 0
2.224607467651367 -2.591947555541992 9.456633567810059 -0.4734061793217415 0.6693412864495377 -0.5725983161292644 -0.5622948130706799 0.2707336247384587 0.7813628143377342 0 0 0 0 0 0
2.1770076751708984 -2.2561628818511963 9.84581184387207 -0.7367829730351588 0.26905529294697866 -0.6202903352323718 -0.5676542447205735 0.25224086521307104 0.7836728937300796 0 0 0 0 0 0
1.9618511199951172 -1.8123575448989868 10.067625999450684 -0.7619424783969976 -0.5484171372134412 -0.3445029799941567 -0.5326363842569368 0.228022872139053 0.8150484966841874 0 0 0 0 0 0
1.5618267059326172 -1.5149680376052856 10.251169204711914 -0.44666251586971706 -0.8943082095032363 -0.026559806702048893 -0.3920490906428444 0.16895258909928482 0.9042967063761579 0 0 0 0 0 0
1.0356273651123047 -1.4243897199630737 10.566794395446777 0.17438906516304425 -0.9817517977579959 0.07584102814771461 -0.41046532333127467 -0.0024683308399037914 0.9118728670628473 0 0 0 0 0 0
0.6329174041748047 -1.5560287237167358 10.871248245239258 0.7044232185664299 -0.6706851429811349 0.23231308213031504 -0.3318508776092288 -0.02187924460952045 0.9430780952208049 0 0 0 0 0 0
-0.5975360870361328 -1.1407382488250732 10.361038208007812 -0.69743249891687 0.7157370085705286 0.036172420669360716 0.34212385525457945 0.3768761842075196 -0.8607645493646469 0 0 0 0 0 0
-0.8121891021728516 -1.1779526472091675 9.873838424682617 -0.20191109806696828 0.9569318083966948 0.20859871177939324 0.15902052978054598 0.24219027019260578 -0.9571083241370055 0 0 0 0 0 0
-1.137063980102539 -1.051090121269226 9.525245666503906 0.5451367903425266 0.8128717182222707 0.20509863366054307 0.1738597623308236 0.12971049525304063 -0.9761905400399455 0 0 0 0 0 0
-1.2326221466064453 -0.7495657205581665 9.119429588317871 0.863768624711846 0.3706390200855225 0.3413656100919509 0.1997554747862166 0.37008415514964077 -0.9072681347871258 0 0 0 0 0 0
-1.2285709381103516 -0.31532222032546997 8.821508407592773 0.9693082091714613 -0.19683306287286717 0.14730356748192042 0.23276715055464822 0.5419186677660024 -0.8075540917792386 0 0 0 0 0 0
-0.9618701934814453 0.115677110850811 8.591378211975098 0.6443592418591673 -0.7624671789053213 -0.058693854216947054 0.4421799688030047 0.4341041312862193 -0.7848760911058579 0 0 0 0 0 0
-0.5896015167236328 0.3212980329990387 8.324899673461914 -0.02305981927477669 -0.9212846566869024 -0.38820461883948665 0.47661759227399425 0.33120796022979776 -0.8143322158771303 0 0 0 0 0 0
-0.1483325958251953 1.6011383533477783 8.412759780883789 -0.465430961576261 0.8668173630365381 0.17889013149019556 -0.14105957122684593 -0.27217987463624 0.9518509931750343 0 0 0 0 0 0
0.008069992065429688 1.7310857772827148 8.963543891906738 -0.9150459766399452 0.3908531390032162 -0.0996227100935386 -0.14959231742240198 -0.09947966076905054 0.9837306214922203 0 0 0 0 0 0
-0.04210853576660156 2.111720323562622 9.298933029174805 -0.9750388548221873 -0.22201827366954446 0.0026679100120941598 0.0015133170916518373 0.005370393618245492 0.9999844342507364 0 0 0 0 0 0
-0.1356983184814453 2.2672629356384277 9.801907539367676 -0.7487438437329113 -0.6257844444092462 -0.21857832831156246 -0.27527074419696934 -0.006427077166520424 0.9613452605949344 0 0 0 0 0 0
-0.5107669830322266 2.439284324645996 9.99234390258789 -0.2956191468957714 -0.9435407050322738 0.14946657798924773 -0.2817135856195773 0.23560422473568554 0.9301226289925741 0 0 0 0 0 0
-0.9329853057861328 2.486375331878662 10.401930809020996 0.2791034004860151 -0.9551698997749963 0.09875097164568321 -0.34204460818315574 -0.0027969310200782493 0.9396795534594229 0 0 0 0 0 0
-1.2268009185791016 2.28578519821167 10.839089393615723 0.7797660019248751 -0.6194639066233993 0.09071631955151281 -0.12927332876054295 -0.01753434287297672 0.9914539592392486 0 0 0 0 0 0
-1.5375690460205078 2.0352091789245605 11.255905151367188 0.9826158746256662 -0.16039086306876743 0.09349232042094723 -0.1236568751973205 -0.18982161999088162 0.9740003746408271 0 0 0 0 0 0
-1.550821304321289 1.6848785877227783 11.628595352172852 0.949667246708244 0.2974850770094341 0.09815675975843142 0.06196074420269121 -0.4855270584218656 0.872023131412269 0 0 0 0 0 0
-1.2463016510009766 1.281337022781372 11.866219520568848 0.42407948856105204 0.7732339242886983 0.47145083063973525 -0.15232667352212975 -0.4522610078576548 0.8787812954912393 0 0 0 0 0 0
-1.039560317993164 1.0104899406433105 12.346928596496582 -0.0397491022129671 0.9597919858072602 0.2778837038284521 -0.22139995682207947 -0.2796507284628165 0.9342256307709597 0 0 0 0 0 0
-0.8164768218994141 0.9835787415504456 12.88463020324707 -0.5209529304292828 0.8531400253974354 0.027570660891719265 -0.1287992512774372 -0.11049664173450466 0.985495431260728 0 0 0 0 0 0
-0.7073307037353516 1.1745883226394653 13.3651704788208 -0.8987373619870109 0.4010123146412107 -0.17737045321791087 -0.1812105726790674 0.02867514547603777 0.9830261768545396 0 0 0 0 0 0
-0.8028812408447266 1.5193548202514648 13.791597366333008 -0.8995505796520796 -0.34855182876128893 -0.2632876322860013 -0.29954920061876494 0.05352902831879092 0.9525780385542725 0 0 0 0 0 0
-0.1460590362548828 2.326808452606201 14.523672103881836 0.824537790983356 0.23367804873121653 0.515297972809382 0.3192570016911127 0.5597562865915278 -0.7646880844451969 0 0 0 0 0 0
0.04547691345214844 2.752113103866577 14.264361381530762 0.8032901091282068 -0.4551736087585283 0.38411194522760167 0.5506234590069295 0.32173177110539286 -0.7702613023206031 0 0 0 0 0 0
0.4685344696044922 3.0247550010681152 14.074860572814941 0.34698664503700344 -0.9341371343087317 0.08359475145865912 0.6463743799346364 0.17360587336741815 -0.7430081841382706 0 0 0 0 0 0
0.9627742767333984 3.0174033641815186 13.745516777038574 -0.17459890732082922 -0.9844178076394647 0.02089979819715956 0.5781536376497014 -0.11967813433499158 -0.8071031628202886 0 0 0 0 0 0
1.4260616302490234 2.8848612308502197 13.698751449584961 -0.5425804936195369 -0.6863687589899954 -0.48425647608071587 0.7519461163148448 -0.1399103292711226 -0.6442065956836114 0 0 0 0 0 0
1.7752666473388672 2.5944626331329346 13.459781646728516 -0.791034183874919 -0.025722963765059496 -0.6112309294174194 0.6101578462611487 0.03935699538644373 -0.7913017310483456 0 0 0 0 0 0
2.1038341522216797 2.4341189861297607 13.01635456085205 -0.8318272422190857 0.4744223355622092 -0.28807444631881046 0.42408062767239196 0.20841578588424756 -0.8813163344833918 0 0 0 0 0 0
2.976949691772461 1.4082180261611938 13.383068084716797 0.9736846521390524 -0.10363870951050458 0.2029709734909151 -0.20612140816544108 -0.02053810477556617 0.9783108664162552 0 0 0 0 0 0
2.999654769897461 1.1216089725494385 13.773826599121094 0.8737787677261929 0.4614731140162549 0.1534706164418345 -0.029787514664045167 -0.264195985910938 0.9640089133398544 0 0 0 0 0 0
3.204671859741211 0.9003843069076538 14.270169258117676 0.30243010180668345 0.9527985875233163 -0.026662429273651467 -0.009911786025542216 0.031114479522005523 0.9994666806161469 0 0 0 0 0 0
3.4973506927490234 0.8995805978775024 14.717695236206055 -0.24452263917271566 0.9689149972441369 -0.037582004302647395 -0.19415089671345112 -0.0109500883372462 0.9809105590576389 0 0 0 0 0 0
3.7224864959716797 1.1652039289474487 15.250899314880371 -0.7863901630941396 0.5727694472561415 -0.2313561576415602 -0.26391098276799146 0.027111651125212737 0.964165935691413 0 0 0 0 0 0
3.582967758178711 1.4052315950393677 15.731033325195312 -0.9210228895124685 0.13532822556337407 -0.3652439025637143 -0.34009117834247243 0.17772458042390865 0.9234457016667382 0 0 0 0 0 0
3.4168224334716797 1.8083852529525757 16.084529876708984 -0.8586453919122817 -0.4307603519252063 -0.27780138616838584 -0.4359394771589145 0.3286496264532044 0.8378222933812287 0 0 0 0 0 0
-5.175264358520508 1.0445294380187988 18.085628509521484 0.8412992696806622 -0.2993762750203069 0.45009930547574734 -0.529148188229139 -0.2858257233500794 0.7989404550811178 0 0 0 0 0 0
-5.336992263793945 0.5966686606407166 18.32073974609375 0.7778515442196474 0.2776357405447342 0.5637955043517878 -0.45850705336273195 -0.36281829459256804 0.8112546869667783 0 0 0 0 0 0
-5.309221267700195 0.19901838898658752 18.710350036621094 0.29291135479107533 0.8755314342143167 0.38424945795287524 -0.4659914918294424 -0.2201963907187147 0.8569512699430593 0 0 0 0 0 0
-5.204263687133789 0.03648480400443077 19.223217010498047 -0.14677051178263928 0.9768805061202874 0.15544418172846844 -0.5432374255217327 -0.2109297033817439 0.8126510688750799 0 0 0 0 0 0
-5.08842658996582 0.047729652374982834 19.764495849609375 -0.6597578132404335 0.7165767953971534 -0.22635663048947222 -0.5741552874014603 -0.286329790426588 0.7670469066903359 0 0 0 0 0 0
-5.247758865356445 0.21147511899471283 20.22967529296875 -0.8062370675191274 0.17728454338998845 -0.5644040942739176 -0.590844844580234 -0.19335000403824223 0.783273991379371 0 0 0 0 0 0
-5.593408584594727 0.37430116534233093 20.582454681396484 -0.4953957450483637 -0.5063019440425794 -0.7058621658983298 -0.7558263878746426 -0.14926952519794207 0.6375304543624183 0 0 0 0 0 0
-4.59404182434082 1.0670148134231567 21.398176193237305 0.806430430772182 0.17635122417608293 0.5644202388789669 0.40967537873671006 0.521690335754536 -0.7483350036161964 0 0 0 0 0 0
-4.396867752075195 1.4729329347610474 21.22321319580078 0.8173357267014205 -0.5456310709924743 0.18506497298264277 0.4616530638580578 0.42800972081251937 -0.7769711239939727 0 0 0 0 0 0
-3.984621047973633 1.8301563262939453 20.9255313873291 0.5679720371996749 -0.8100347008662797 0.14577910807700703 0.6769247686361427 0.35899875638878237 -0.6425673120523735 0 0 0 0 0 0
-3.5139026641845703 2.0034852027893066 20.846092224121094 0.12008639577079118 -0.9545840882047888 -0.2726691696855604 0.6620937677934907 0.2816628157424273 -0.694476710104138 0 0 0 0 0 0
-3.009195327758789 1.9115664958953857 20.671552658081055 -0.35881104455245244 -0.6556099056179806 -0.6644022019550814 0.8083073782587918 0.1377216948621155 -0.5724263420010517 0 0 0 0 0 0
-2.555032730102539 1.6646323204040527 20.49267578125 -0.6521779344900995 0.010196240674585156 -0.7579973472515148 0.7562059858969054 0.07875155603072499 -0.6495773235854444 0 0 0 0 0 0
-2.2739505767822266 1.4167667627334595 20.203371047973633 -0.5136155211003256 0.6343395709228842 -0.5777650086723944 0.7837305861518931 0.07276368535152042 -0.6168239736132791 0 0 0 0 0 0
-0.9609165191650391 0.7831923961639404 20.55370330810547 0.9073182970254217 0.18362355079116047 0.3782273119140587 -0.27354789339298474 -0.4253416185555718 0.8627027631489229 0 0 0 0 0 0
-0.9042911529541016 0.2902103066444397 20.948150634765625 0.6338908959514171 0.681826045843806 0.36509666560913673 -0.2620881213684986 -0.2547578647540843 0.9308105322693072 0 0 0 0 0 0
-0.7295780181884766 0.016051996499300003 21.383907318115234 0.06105428095364196 0.9684308826053862 0.2416898847560369 -0.15037396370169515 -0.23045349878401516 0.9613942250392641 0 0 0 0 0 0
-0.6379566192626953 0.06219041720032692 21.974740982055664 -0.3728485460583947 0.9236697889321072 -0.08841992262073885 -0.20018962438823734 0.012972221651639663 0.9796712896439893 0 0 0 0 0 0
-0.5425586700439453 0.36440587043762207 22.48284912109375 -0.815488413811751 0.49447672480355254 -0.30078466644153573 -0.2977833035067191 0.08716456174914579 0.9506458032977922 0 0 0 0 0 0
-0.5532779693603516 0.7280673384666443 22.88631820678711 -0.956923968983849 -0.03623199750325704 -0.28806901940528346 -0.29033843674925847 0.12054858435356502 0.9493006009459535 0 0 0 0 0 0
-0.8171405792236328 0.9008264541625977 23.29047393798828 -0.5754689279910322 -0.7489483371873941 -0.3284994690118839 -0.4648060692891545 -0.030974179957674708 0.8848705657484123 0 0 0 0 0 0
2.456197738647461 4.068106174468994 10.093622207641602 -0.4642850317292594 -0.8054797893534832 -0.3682956940492633 0.3543936177892241 0.212138062226707 -0.9107154364701211 0 0 0 0 0 0
2.738218307495117 3.9862921237945557 9.62921142578125 -0.8457951842517081 -0.4996100079850763 -0.1871372389925943 0.22964162999328472 -0.02432019436697078 -0.9729713510273467 0 0 0 0 0 0
2.955930709838867 3.7566003799438477 9.261533737182617 -0.9679738266800436 0.09528462554231842 -0.23226603496347253 0.22562855273770663 -0.07549672534975822 -0.9712836870095942 0 0 0 0 0 0
2.9796886444091797 3.4379444122314453 8.872695922851562 -0.7045432230462794 0.6867558336521028 -0.17884426690382368 0.11159203856326962 -0.14166694429207285 -0.9836044397135673 0 0 0 0 0 0
2.7710704803466797 3.2747931480407715 8.358484268188477 -0.2631191193969816 0.9627886445533506 0.061695663760743875 0.11380768484226354 0.09447765532841536 -0.9890003961144249 0 0 0 0 0 0
2.542509078979492 3.377492666244507 7.895125389099121 0.23473697261244378 0.9231222897757863 0.30453865404551556 -0.004432429216112576 0.3143055994506008 -0.9493115103722501 0 0 0 0 0 0
2.2852611541748047 3.8083789348602295 7.538190841674805 0.881817535710596 0.3978584607479766 0.2531925728068317 0.1328133170310909 0.3056424673773715 -0.9428378996172521 0 0 0 0 0 0
1.2530956268310547 3.5626657009124756 6.525503635406494 -0.36640119380041447 -0.8011634614526042 -0.47316727825887595 -0.5445768691470378 -0.22768614013531582 0.8072143799389921 0 0 0 0 0 0
0.6602153778076172 3.5193397998809814 6.763845920562744 0.16529042640611846 -0.9570038647206026 -0.23837507807720598 -0.567538340855191 -0.28996717022752455 0.7705966985716841 0 0 0 0 0 0
0.1517314910888672 3.2903811931610107 6.828395843505859 0.6536831361235659 -0.7305190855481043 0.19758598937581845 -0.6542345651744293 -0.4142862648339742 0.632727448828435 0 0 0 0 0 0
-0.19686317443847656 2.8897993564605713 7.019846439361572 0.864198593350623 -0.30031790418177456 0.4036953649457361 -0.5021298318311701 -0.5658595341427218 0.6539637754531841 0 0 0 0 0 0
-0.2940845489501953 2.4149577617645264 7.127620220184326 0.6652599479132966 0.24025468009469822 0.7068994910133917 -0.4820284255802953 -0.5848266755057042 0.652400457195983 0 0 0 0 0 0
-0.5021076202392578 2.00981068611145 7.525998592376709 0.6863994232658256 0.5213072203024969 0.5070449820290365 -0.29092424694987745 -0.4421701268105014 0.8484389556668364 0 0 0 0 0 0
-0.3053607940673828 1.7377735376358032 7.877799987792969 -0.044002491696538644 0.8752108353823558 0.4817362082652859 -0.255829499841506 -0.4759962734953598 0.8414147696762732 0 0 0 0 0 0
-0.28000831604003906 0.2849715054035187 7.908483982086182 -0.32768332213014767 -0.9443186214529293 -0.029765442630484786 0.5897183017662475 -0.17981796262478492 -0.7873359034614164 0 0 0 0 0 0
0.1402873992919922 0.12258190661668777 7.866637706756592 -0.6333199374866628 -0.5195012062423873 -0.5736064447812576 0.6321182605702209 0.0803507778164756 -0.7706946588357584 0 0 0 0 0 0
0.4931774139404297 -0.05329766869544983 7.43683385848999 -0.8812031711019424 -0.012338492145317964 -0.4725766952056153 0.468324366214958 0.11349340914045554 -0.8762371448934559 0 0 0 0 0 0
0.6399669647216797 -0.35722899436950684 7.11721658706665 -0.7312214458694456 0.5401706250769093 -0.416570393696694 0.426787813876133 -0.11410988582710883 -0.8971237907241986 0 0 0 0 0 0
0.6430034637451172 -0.6131613850593567 6.629944801330566 -0.5064982797031751 0.8198782949809483 -0.26694395306291796 0.30525151921035526 -0.11904178445688322 -0.9448018647171962 0 0 0 0 0 0
0.5758724212646484 -0.702798068523407 6.10718297958374 0.2169796918021269 0.9731918292164117 0.07627238616870871 0.3432816412087889 -0.00292643995699165 -0.9392279546298538 0 0 0 0 0 0
0.6562252044677734 -0.5497958064079285 5.5806355476379395 0.6066114644123409 0.5495460624294235 0.5744751139186375 0.546375789543782 0.23672248824379286 -0.8033902913030978 0 0 0 0 0 0
-0.18915748596191406 -2.091902494430542 19.729673385620117 -0.5776601449813252 0.8018724638611012 0.15267386351789664 0.36497741608509826 0.4210269755122264 -0.8303780895705716 0 0 0 0 0 0
-0.3349933624267578 -2.019683361053467 19.278549194335938 0.11257136751536778 0.9238095270251002 0.3659284697770603 0.3417678388389195 0.30980174678293243 -0.8872528512355531 0 0 0 0 0 0
-0.4784564971923828 -1.7029627561569214 18.830190658569336 0.7072943145574299 0.44027887345973704 0.5530725686379321 0.39294906102301674 0.4055009925383323 -0.8253241669135571 0 0 0 0 0 0
-0.4092578887939453 -1.1705143451690674 18.61955451965332 0.9004519966671647 -0.15878518963549457 0.4049363718543156 0.4252757851798576 0.5167186359299749 -0.7430628222582004 0 0 0 0 0 0
-0.11175727844238281 -0.7770235538482666 18.368528366088867 0.5496183454464284 -0.8195790068922337 0.16189479858930053 0.60759954768516 0.2591595415453923 -0.7507723501027266 0 0 0 0 0 0
0.35585594177246094 -0.5304332375526428 18.252670288085938 0.24375954554615373 -0.9697017697939784 -0.01611712175168231 0.7149066209914342 0.19089026894615452 -0.6726584783411822 0 0 0 0 0 0
0.8246517181396484 -0.5213528275489807 18.131860733032227 -0.3607573677820122 -0.8198481908228957 -0.44463812881422876 0.6266628054610033 0.1400143027325417 -0.7666092376707085 0 0 0 0 0 0
1.3073863983154297 0.8101319074630737 18.608245849609375 -0.3144081757448011 0.930734639087859 -0.1867633010706841 -0.5480990765980398 -0.017350933882860905 0.8362334287301416 0 0 0 0 0 0
1.2201824188232422 1.0250253677368164 19.033077239990234 -0.6840887057904161 0.5350075645056849 -0.4957716697550282 -0.46930681064056495 0.19747228820099258 0.8606717219004265 0 0 0 0 0 0
1.0876827239990234 1.3137236833572388 19.501014709472656 -0.6983193245517401 0.023380248164198453 -0.7154044205576185 -0.7154290253665633 0.008779206449326043 0.6986302564283696 0 0 0 0 0 0
0.7237758636474609 1.6668730974197388 19.742897033691406 -0.5217975676445906 -0.7406997726421078 -0.4231916176014345 -0.6560762577397924 0.0313683976401287 0.7540424176792978 0 0 0 0 0 0
0.2073650360107422 1.7558887004852295 19.876651763916016 0.06910344980162551 -0.9829971098715471 -0.17012170705027557 -0.7741211171323408 -0.16040068642687338 0.6123790621858041 0 0 0 0 0 0
-0.42521095275878906 1.6081373691558838 19.982404708862305 0.4887417902694017 -0.8590291069072544 0.15231695877473753 -0.63773761727045 -0.23264118920475996 0.7342811509249056 0 0 0 0 0 0
-0.7846927642822266 1.2560153007507324 20.176109313964844 0.877212602963668 -0.25290661046488655 0.40808858791305164 -0.47006402983482076 -0.2795265469745793 0.837200524003609 0 0 0 0 0 0
-2.046487808227539 1.3522354364395142 19.720712661743164 -0.5786295479847563 0.750314232030129 -0.3197129953755309 0.3973879277655065 -0.08295616710784767 -0.9138933795607732 0 0 0 0 0 0
-2.109415054321289 1.2738072872161865 19.210681915283203 -0.05872722420438847 0.9933894033189385 -0.09863369865766285 0.2679704444447665 -0.07949069831181373 -0.9601422133132023 0 0 0 0 0 0
-2.1005496978759766 1.3163700103759766 18.716594696044922 0.24270980992597027 0.9217593464724734 0.30240974745589455 0.32415924942732205 0.21675203855181321 -0.9208362149667815 0 0 0 0 0 0
-2.2313480377197266 1.6311739683151245 18.335575103759766 0.772071573560029 0.5475673949132409 0.3226072431432182 0.24483694967588485 0.21216735437429263 -0.9460654743786086 0 0 0 0 0 0
-2.1850147247314453 2.0608835220336914 17.928438186645508 0.9252743230831653 -0.08994047031964028 0.3684808527476999 0.3792315133436637 0.2010945281126178 -0.903185722899913 0 0 0 0 0 0
-1.9147968292236328 2.4108223915100098 17.622732162475586 0.6983406870578214 -0.6786055006584512 0.22762877514871233 0.43654501259320644 0.15178023395270604 -0.8867870164595664 0 0 0 0 0 0
-1.4694156646728516 2.6297614574432373 17.421207427978516 0.2196699696034821 -0.9752235855061203 -0.026154592846989216 0.556687934654113 0.14732049814827408 -0.8175544105659771 0 0 0 0 0 0
-0.9624881744384766 2.723820686340332 17.223411560058594 -0.35306909995805535 -0.8940572304222555 -0.27568801095530937 0.5842094875767883 0.019482418671741785 -0.811369034402944 0 0 0 0 0 0
-0.5245075225830078 2.5017004013061523 17.105512619018555 -0.5815100850628885 -0.5055186445013121 -0.6374142460219322 0.7003823767457028 0.08753753326989094 -0.7083796345273228 0 0 0 0 0 0
-0.27041053771972656 2.2477235794067383 16.81900405883789 -0.73389027069783 0.11713142969819094 -0.6690928924685449 0.6647868287371929 -0.07845645172576579 -0.7429017818797776 0 0 0 0 0 0
0.03219413757324219 2.0427451133728027 16.29481315612793 -0.7472589445798684 0.5956239628785567 -0.29467976617037167 0.42110033765734606 0.08137722987894659 -0.9033561048014777 0 0 0 0 0 0
0.022268295288085938 1.8917180299758911 15.867231369018555 -0.43361847827116035 0.884736060437263 -0.17093015726826724 0.32625136521461146 -0.022675987009725364 -0.9450110297286151 0 0 0 0 0 0
-0.22042274475097656 1.9224681854248047 15.391155242919922 0.28522423413812187 0.9582353621053658 0.02078766632214027 0.41372617565358755 -0.10352610085461907 -0.9044959911580018 0 0 0 0 0 0
-0.15075111389160156 2.0029754638671875 14.86699104309082 0.5641945914689325 0.7371359455626363 0.37190732812984834 0.3966886508805008 0.1530333476475224 -0.9051071255770781 0 0 0 0 0 0
-1.183420181274414 1.664185881614685 14.239734649658203 -0.5063428895945871 -0.70308821338398 -0.49928332873983144 -0.6685625333274416 -0.04561854971951014 0.7422554054719187 0 0 0 0 0 0
-1.6680850982666016 1.7613176107406616 14.364956855773926 -0.034790060024560907 -0.9951522981986118 -0.09198671161373416 -0.7996243908174969 -0.027494439883165134 0.5998707272281738 0 0 0 0 0 0
-2.1507434844970703 1.6872376203536987 14.324233055114746 0.29275832848584055 -0.888401793394876 0.35360262243787854 -0.9216259211074153 -0.16364807421951344 0.35188772264339285 0 0 0 0 0 0
-2.5873584747314453 1.35621976852417 14.396234512329102 0.558568281646063 -0.4157462964076502 0.7177440294159797 -0.8228136763348627 -0.38703723517338745 0.4161488106743164 0 0 0 0 0 0
-2.813295364379883 0.9062673449516296 14.520766258239746 0.574209473761095 0.14561320681380907 0.8056551832169923 -0.7228126399401026 -0.3719660022171653 0.5823943515672174 0 0 0 0 0 0
-3.082948684692383 0.534195601940155 14.900139808654785 0.4622643679120863 0.6291887302074366 0.6248465379105441 -0.6450132836925024 -0.2449596336883764 0.7238457306107927 0 0 0 0 0 0
-3.210786819458008 0.29453355073928833 15.428025245666504 0.09365071969091845 0.9496306358144468 0.2990504944386862 -0.6141863721687941 -0.18129960718704166 0.7680530923549231 0 0 0 0 0 0
-2.8885974884033203 -0.8884688019752502 15.320589065551758 -0.4292484368254856 -0.8664974491555802 -0.2548096350017983 0.42491906490992754 0.055206707720326424 -0.9035463506089519 0 0 0 0 0 0
-2.546236038208008 -1.1698088645935059 15.019403457641602 -0.8788835884215137 -0.350631832113586 -0.32345162901428276 0.3396304248748592 0.01621223884666864 -0.9404192351344698 0 0 0 0 0 0
-2.3662586212158203 -1.3722505569458008 14.504983901977539 -0.9779316616509393 -0.03502085918369905 -0.20596894077182634 0.2076852936945148 -0.05571403628492397 -0.9766077846013034 0 0 0 0 0 0
-2.4429492950439453 -1.6525241136550903 14.127326011657715 -0.7317342487978865 0.6662312161648415 -0.14387826710003537 0.14026788935397475 -0.059379673023275494 -0.9883314088137796 0 0 0 0 0 0
-2.6595401763916016 -1.7960153818130493 13.661702156066895 -0.1572034564297927 0.9871680763295799 0.028040370223713782 0.10395980101148689 0.04477757758101813 -0.993573011066438 0 0 0 0 0 0
-2.941987991333008 -1.7644217014312744 13.296238899230957 0.4994984382468225 0.8658070880299109 0.02965462031710124 0.08220551187746158 -0.013293842339897877 -0.9965267319910723 0 0 0 0 0 0
-3.0983448028564453 -1.6207183599472046 12.871731758117676 0.9172297884941248 0.39226682124268086 0.06939925108519356 0.048351745445305364 0.06329644086818817 -0.9968227873026442 0 0 0 0 0 0
2.9584789276123047 2.1050925254821777 16.361446380615234 -0.5056744802284121 -0.8240438151590135 -0.25543122507615024 -0.6371818250542711 0.15712362126889187 0.7545273285043149 0 0 0 0 0 0
2.4861812591552734 2.2446465492248535 16.533672332763672 -0.022087098952414157 -0.9982646318138158 -0.0545883222813552 -0.7348725858709435 -0.02080956074640933 0.6778858640780867 0 0 0 0 0 0
2.0358104705810547 2.097445487976074 16.632553100585938 0.4192337821429052 -0.810240094064695 0.4095778630250778 -0.7343048677315562 -0.03731767578340622 0.6777932961455625 0 0 0 0 0 0
1.6706066131591797 1.8137290477752686 16.933992385864258 0.7640500763786615 -0.3520729371825842 0.5406219822476604 -0.5863777827850244 -0.029506452091009685 0.8095001328851774 0 0 0 0 0 0
1.3795299530029297 1.4590400457382202 17.222646713256836 0.8015519657455087 0.12444199650233354 0.5848321431966816 -0.517857178021122 -0.34445883497874524 0.7830530340769299 0 0 0 0 0 0
1.3057231903076172 1.0425342321395874 17.563852310180664 0.4867362435892782 0.6609567266307899 0.571160253079738 -0.49530865025332566 -0.3297573182757284 0.8036973634570597 0 0 0 0 0 0
1.380086898803711 0.818216860294342 18.04822540283203 -0.17871864320460484 0.9583505609780119 0.2227641103145551 -0.4897399403720155 -0.2830167437115319 0.8246552695419681 0 0 0 0 0 0
1.2901744842529297 -0.6236498951911926 17.792510986328125 -0.7159055226541007 -0.5434163741768822 -0.4383810293680713 0.6270057798933966 -0.22416739325906535 -0.7460648308154654 0 0 0 0 0 0
1.5841808319091797 -1.0236032009124756 17.535236358642578 -0.8019658802906152 0.11830226381288549 -0.5855384711754174 0.5358808864862002 -0.29066974509318816 -0.7926807521229624 0 0 0 0 0 0
1.6879558563232422 -1.3418314456939697 17.045534133911133 -0.8269246434210841 0.45153956226669967 -0.3351233471587891 0.2983663515915387 -0.1528231556018375 -0.9421372529254168 0 0 0 0 0 0
1.6144084930419922 -1.6068164110183716 16.59406852722168 -0.3631770941007606 0.9055701799385841 -0.21919180533616622 0.2898783959410272 -0.11375827981764712 -0.9502786798300734 0 0 0 0 0 0
1.463979721069336 -1.6824910640716553 16.168350219726562 0.23925783860163596 0.9703643188508997 -0.03389358890267116 0.2820994100705745 -0.10287272800049906 -0.9538538277281112 0 0 0 0 0 0
1.3943309783935547 -1.5005526542663574 15.6582670211792 0.6968860746401156 0.6631317580826643 0.27314111809627983 0.3171310768607238 0.056663015641514144 -0.9466874789219341 0 0 0 0 0 0
1.347555160522461 -1.2329126596450806 15.23650074005127 0.9238391526663755 0.21868128757759026 0.3141651070123487 0.34011821624463423 -0.09241365138400368 -0.9358308159151654 0 0 0 0 0 0
0.1687755584716797 -1.699510931968689 14.32155990600586 -0.42554721931616957 -0.8080972728096786 -0.40729395012673053 -0.5187298209566243 -0.15096618111560953 0.8415037641090369 0 0 0 0 0 0
-0.29302406311035156 -1.692336082458496 14.57610034942627 0.2375992901203223 -0.9639650155050934 -0.11965795509110075 -0.46957018917023186 -0.2218196095206517 0.8545758587011094 0 0 0 0 0 0
-0.6614246368408203 -2.0150558948516846 14.815719604492188 0.8038452037378615 -0.5877408763128841 0.09161632353788944 -0.3499322898970221 -0.3426961311457165 0.8718410142825265 0 0 0 0 0 0
-0.9641132354736328 -2.388772487640381 15.074447631835938 0.9599745496178876 -0.22802316199220782 0.1626477841257269 -0.2509546055052708 -0.4423615703702748 0.8610098878847087 0 0 0 0 0 0
-1.0229969024658203 -2.775437831878662 15.35180377960205 0.8286830142133811 0.4221836642306041 0.3674852590391152 -0.22689743750306668 -0.34680352511683205 0.9100795942229893 0 0 0 0 0 0
-0.8742084503173828 -3.1088366508483887 15.707067489624023 0.45615901556868305 0.7836579335253997 0.4216624191674074 -0.14859057680754081 -0.4001062376453418 0.9043427663675382 0 0 0 0 0 0
-0.5654850006103516 -3.353569269180298 16.08901596069336 -0.2369695654620629 0.9200696477831545 0.3119571577523157 -0.20916253618567718 -0.3618895531779304 0.9084530724022312 0 0 0 0 0 0
-0.4634876251220703 -3.40228533744812 16.559616088867188 -0.7287222438863246 0.6817018874195225 0.06516462195041689 -0.1550267460679835 -0.2569060855349269 0.9539213653224745 0 0 0 0 0 0
-0.49253273010253906 -3.2262558937072754 17.053176879882812 -0.9697949186316753 0.09658311954233334 -0.22398552813888134 -0.24145177790605402 -0.24976371604720532 0.9377201741949976 0 0 0 0 0 0
-0.6388568878173828 -3.0523927211761475 17.513835906982422 -0.8543856154017022 -0.37124498865416977 -0.3635964501941956 -0.36837400226500605 -0.060796734520291745 0.9276876368298388 0 0 0 0 0 0
-1.044351577758789 -2.8540096282958984 17.87912368774414 -0.5480202861580227 -0.7542693764348571 -0.3615957324580187 -0.5828043883293298 0.03422132206195402 0.8118915851641818 0 0 0 0 0 0
-1.4658985137939453 -2.6870713233947754 18.09251594543457 -0.0873757280950259 -0.9843502334556037 -0.15303627032753553 -0.6422240137570242 -0.06177530715157094 0.7640236433384421 0 0 0 0 0 0
-1.929605484008789 -2.761481285095215 18.15004539489746 0.30904962718532997 -0.8944638746199003 0.3231450215252645 -0.7104216337586017 0.008774635645405595 0.7037216126118692 0 0 0 0 0 0
-2.412363052368164 -3.021608352661133 18.41511344909668 0.6816563571480283 -0.4980140518040701 0.5360285579755734 -0.688369082062351 -0.18821695181679277 0.7005157998999249 0 0 0 0 0 0
-3.668397903442383 -2.5187675952911377 17.806047439575195 -0.3915598907044107 0.9174919960206384 -0.0699234526436928 0.21032608628546184 0.015263606059367621 -0.9775121276781711 0 0 0 0 0 0
-3.769716262817383 -2.510633945465088 17.21072006225586 0.07753366878835098 0.9654861032396149 0.24864656574222396 0.2306500134364085 0.22526118061970493 -0.9466033867505447 0 0 0 0 0 0
-3.9796314239501953 -2.2803993225097656 16.830625534057617 0.5610813927556059 0.7253984950634396 0.39872884779399465 0.1331437159523209 0.3963351976030283 -0.9084003313756421 0 0 0 0 0 0
-4.146844863891602 -1.8245381116867065 16.618940353393555 0.9852274197070652 0.1248888264840768 0.11717385577332691 0.048406271825974324 0.4532265242615251 -0.8900800809779575 0 0 0 0 0 0
-4.122537612915039 -1.4045984745025635 16.376150131225586 0.869561265124095 -0.46083564159799945 -0.17746469403445628 0.12831085837113812 0.5578697974342701 -0.81994976232371 0 0 0 0 0 0
-3.862070083618164 -1.0891993045806885 15.917597770690918 0.744391977077882 -0.6675564601372321 0.015778370991023825 0.3566763528556811 0.3775315779612733 -0.8545477675095996 0 0 0 0 0 0
-3.463479995727539 -0.8821640610694885 15.62559700012207 0.13078694932812962 -0.971790205169899 -0.19626148634229573 0.5976904197318706 0.23522893464591438 -0.7664421116210204 0 0 0 0 0 0
-3.1501636505126953 0.2744576632976532 16.014429092407227 -0.29773775772106387 0.9524967010609234 -0.064048903935127 -0.3871257614079019 -0.059137987703198606 0.9201284384610492 0 0 0 0 0 0
-3.048746109008789 0.4612022340297699 16.462127685546875 -0.757791077159394 0.569058341472095 -0.3192573998807759 -0.39038430613679587 -0.0033506736086843644 0.9206458963730088 0 0 0 0 0 0
-3.1511402130126953 0.7288261651992798 16.860614776611328 -0.893121923431633 -0.09479049159453819 -0.4397135346893999 -0.44538748172798326 0.04954444995128816 0.8939660723981809 0 0 0 0 0 0
-3.4023685455322266 1.013972520828247 17.1214542388916 -0.7599598971841438 -0.5981937623083026 -0.2542148253098224 -0.4444290427492063 0.19284452594649068 0.874810730828959 0 0 0 0 0 0
-3.802347183227539 1.2944165468215942 17.39002799987793 -0.3855894460006466 -0.9194467279185653 -0.07706162243787655 -0.5437696930682152 0.15897607550571688 0.8240395186623636 0 0 0 0 0 0
-4.334299087524414 1.4102181196212769 17.563867568969727 0.18779717847038585 -0.9605171340251817 0.20527799444317774 -0.5192363668428305 0.0803205174057575 0.8508479357861362 0 0 0 0 0 0
-4.754434585571289 1.296596646308899 17.791746139526367 0.6838474899904198 -0.578850039812556 0.4441680333418934 -0.5190907225450312 0.04181638637156342 0.8536956199949147 0 0 0 0 0 0
